355000
355001
355002
355003
355004
355005
355006
355007
355008
355009
355010
355011
355012
355013
355014
355015
355016
355017
355018
355019
355020
355021
355022
355023
355024
355025
355026
355027
355028
355029
355030
355031
355032
355033
355034
355035
355036
355037
355038
355039
355040
355041
355042
355043
355044
355045
355046
355047
355048
355049
355050
355051
355052
355053
355054
355055
355056
355057
355058
355059
355060
355061
355062
355063
355064
355065
355066
355067
355068
355069
355070
355071
355072
355073
355074
355075
355076
355077
355078
355079
355080
355081
355082
355083
355084
355085
355086
355087
355088
355089
355090
355091
355092
355093
355094
355095
355096
355097
355098
355099
355100
355101
355102
355103
355104
355105
355106
355107
355108
355109
355110
355111
355112
355113
355114
355115
355116
355117
355118
355119
355120
355121
355122
355123
355124
355125
355126
355127
355128
355129
355130
355131
355132
355133
355134
355135
355136
355137
355138
355139
355140
355141
355142
355143
355144
355145
355146
355147
355148
355149
355150
355151
355152
355153
355154
355155
355156
355157
355158
355159
355160
355161
355162
355163
355164
355165
355166
355167
355168
355169
355170
355171
355172
355173
355174
355175
355176
355177
355178
355179
355180
355181
355182
355183
355184
355185
355186
355187
355188
355189
355190
355191
355192
355193
355194
355195
355196
355197
355198
355199
355200
355201
355202
355203
355204
355205
355206
355207
355208
355209
355210
355211
355212
355213
355214
355215
355216
355217
355218
355219
355220
355221
355222
355223
355224
355225
355226
355227
355228
355229
355230
355231
355232
355233
355234
355235
355236
355237
355238
355239
355240
355241
355242
355243
355244
355245
355246
355247
355248
355249
355250
355251
355252
355253
355254
355255
355256
355257
355258
355259
355260
355261
355262
355263
355264
355265
355266
355267
355268
355269
355270
355271
355272
355273
355274
355275
355276
355277
355278
355279
355280
355281
355282
355283
355284
355285
355286
355287
355288
355289
355290
355291
355292
355293
355294
355295
355296
355297
355298
355299
355300
355301
355302
355303
355304
355305
355306
355307
355308
355309
355310
355311
355312
355313
355314
355315
355316
355317
355318
355319
355320
355321
355322
355323
355324
355325
355326
355327
355328
355329
355330
355331
355332
355333
355334
355335
355336
355337
355338
355339
355340
355341
355342
355343
355344
355345
355346
355347
355348
355349
355350
355351
355352
355353
355354
355355
355356
355357
355358
355359
355360
355361
355362
355363
355364
355365
355366
355367
355368
355369
355370
355371
355372
355373
355374
355375
355376
355377
355378
355379
355380
355381
355382
355383
355384
355385
355386
355387
355388
355389
355390
355391
355392
355393
355394
355395
355396
355397
355398
355399
355400
355401
355402
355403
355404
355405
355406
355407
355408
355409
355410
355411
355412
355413
355414
355415
355416
355417
355418
355419
355420
355421
355422
355423
355424
355425
355426
355427
355428
355429
355430
355431
355432
355433
355434
355435
355436
355437
355438
355439
355440
355441
355442
355443
355444
355445
355446
355447
355448
355449
355450
355451
355452
355453
355454
355455
355456
355457
355458
355459
355460
355461
355462
355463
355464
355465
355466
355467
355468
355469
355470
355471
355472
355473
355474
355475
355476
355477
355478
355479
355480
355481
355482
355483
355484
355485
355486
355487
355488
355489
355490
355491
355492
355493
355494
355495
355496
355497
355498
355499
355500
355501
355502
355503
355504
355505
355506
355507
355508
355509
355510
355511
355512
355513
355514
355515
355516
355517
355518
355519
355520
355521
355522
355523
355524
355525
355526
355527
355528
355529
355530
355531
355532
355533
355534
355535
355536
355537
355538
355539
355540
355541
355542
355543
355544
355545
355546
355547
355548
355549
355550
355551
355552
355553
355554
355555
355556
355557
355558
355559
355560
355561
355562
355563
355564
355565
355566
355567
355568
355569
355570
355571
355572
355573
355574
355575
355576
355577
355578
355579
355580
355581
355582
355583
355584
355585
355586
355587
355588
355589
355590
355591
355592
355593
355594
355595
355596
355597
355598
355599
355600
355601
355602
355603
355604
355605
355606
355607
355608
355609
355610
355611
355612
355613
355614
355615
355616
355617
355618
355619
355620
355621
355622
355623
355624
355625
355626
355627
355628
355629
355630
355631
355632
355633
355634
355635
355636
355637
355638
355639
355640
355641
355642
355643
355644
355645
355646
355647
355648
355649
355650
355651
355652
355653
355654
355655
355656
355657
355658
355659
355660
355661
355662
355663
355664
355665
355666
355667
355668
355669
355670
355671
355672
355673
355674
355675
355676
355677
355678
355679
355680
355681
355682
355683
355684
355685
355686
355687
355688
355689
355690
355691
355692
355693
355694
355695
355696
355697
355698
355699
355700
355701
355702
355703
355704
355705
355706
355707
355708
355709
355710
355711
355712
355713
355714
355715
355716
355717
355718
355719
355720
355721
355722
355723
355724
355725
355726
355727
355728
355729
355730
355731
355732
355733
355734
355735
355736
355737
355738
355739
355740
355741
355742
355743
355744
355745
355746
355747
355748
355749
355750
355751
355752
355753
355754
355755
355756
355757
355758
355759
355760
355761
355762
355763
355764
355765
355766
355767
355768
355769
355770
355771
355772
355773
355774
355775
355776
355777
355778
355779
355780
355781
355782
355783
355784
355785
355786
355787
355788
355789
355790
355791
355792
355793
355794
355795
355796
355797
355798
355799
355800
355801
355802
355803
355804
355805
355806
355807
355808
355809
355810
355811
355812
355813
355814
355815
355816
355817
355818
355819
355820
355821
355822
355823
355824
355825
355826
355827
355828
355829
355830
355831
355832
355833
355834
355835
355836
355837
355838
355839
355840
355841
355842
355843
355844
355845
355846
355847
355848
355849
355850
355851
355852
355853
355854
355855
355856
355857
355858
355859
355860
355861
355862
355863
355864
355865
355866
355867
355868
355869
355870
355871
355872
355873
355874
355875
355876
355877
355878
355879
355880
355881
355882
355883
355884
355885
355886
355887
355888
355889
355890
355891
355892
355893
355894
355895
355896
355897
355898
355899
355900
355901
355902
355903
355904
355905
355906
355907
355908
355909
355910
355911
355912
355913
355914
355915
355916
355917
355918
355919
355920
355921
355922
355923
355924
355925
355926
355927
355928
355929
355930
355931
355932
355933
355934
355935
355936
355937
355938
355939
355940
355941
355942
355943
355944
355945
355946
355947
355948
355949
355950
355951
355952
355953
355954
355955
355956
355957
355958
355959
355960
355961
355962
355963
355964
355965
355966
355967
355968
355969
355970
355971
355972
355973
355974
355975
355976
355977
355978
355979
355980
355981
355982
355983
355984
355985
355986
355987
355988
355989
355990
355991
355992
355993
355994
355995
355996
355997
355998
355999
356000
356001
356002
356003
356004
356005
356006
356007
356008
356009
356010
356011
356012
356013
356014
356015
356016
356017
356018
356019
356020
356021
356022
356023
356024
356025
356026
356027
356028
356029
356030
356031
356032
356033
356034
356035
356036
356037
356038
356039
356040
356041
356042
356043
356044
356045
356046
356047
356048
356049
356050
356051
356052
356053
356054
356055
356056
356057
356058
356059
356060
356061
356062
356063
356064
356065
356066
356067
356068
356069
356070
356071
356072
356073
356074
356075
356076
356077
356078
356079
356080
356081
356082
356083
356084
356085
356086
356087
356088
356089
356090
356091
356092
356093
356094
356095
356096
356097
356098
356099
356100
356101
356102
356103
356104
356105
356106
356107
356108
356109
356110
356111
356112
356113
356114
356115
356116
356117
356118
356119
356120
356121
356122
356123
356124
356125
356126
356127
356128
356129
356130
356131
356132
356133
356134
356135
356136
356137
356138
356139
356140
356141
356142
356143
356144
356145
356146
356147
356148
356149
356150
356151
356152
356153
356154
356155
356156
356157
356158
356159
356160
356161
356162
356163
356164
356165
356166
356167
356168
356169
356170
356171
356172
356173
356174
356175
356176
356177
356178
356179
356180
356181
356182
356183
356184
356185
356186
356187
356188
356189
356190
356191
356192
356193
356194
356195
356196
356197
356198
356199
356200
356201
356202
356203
356204
356205
356206
356207
356208
356209
356210
356211
356212
356213
356214
356215
356216
356217
356218
356219
356220
356221
356222
356223
356224
356225
356226
356227
356228
356229
356230
356231
356232
356233
356234
356235
356236
356237
356238
356239
356240
356241
356242
356243
356244
356245
356246
356247
356248
356249
356250
356251
356252
356253
356254
356255
356256
356257
356258
356259
356260
356261
356262
356263
356264
356265
356266
356267
356268
356269
356270
356271
356272
356273
356274
356275
356276
356277
356278
356279
356280
356281
356282
356283
356284
356285
356286
356287
356288
356289
356290
356291
356292
356293
356294
356295
356296
356297
356298
356299
356300
356301
356302
356303
356304
356305
356306
356307
356308
356309
356310
356311
356312
356313
356314
356315
356316
356317
356318
356319
356320
356321
356322
356323
356324
356325
356326
356327
356328
356329
356330
356331
356332
356333
356334
356335
356336
356337
356338
356339
356340
356341
356342
356343
356344
356345
356346
356347
356348
356349
356350
356351
356352
356353
356354
356355
356356
356357
356358
356359
356360
356361
356362
356363
356364
356365
356366
356367
356368
356369
356370
356371
356372
356373
356374
356375
356376
356377
356378
356379
356380
356381
356382
356383
356384
356385
356386
356387
356388
356389
356390
356391
356392
356393
356394
356395
356396
356397
356398
356399
356400
356401
356402
356403
356404
356405
356406
356407
356408
356409
356410
356411
356412
356413
356414
356415
356416
356417
356418
356419
356420
356421
356422
356423
356424
356425
356426
356427
356428
356429
356430
356431
356432
356433
356434
356435
356436
356437
356438
356439
356440
356441
356442
356443
356444
356445
356446
356447
356448
356449
356450
356451
356452
356453
356454
356455
356456
356457
356458
356459
356460
356461
356462
356463
356464
356465
356466
356467
356468
356469
356470
356471
356472
356473
356474
356475
356476
356477
356478
356479
356480
356481
356482
356483
356484
356485
356486
356487
356488
356489
356490
356491
356492
356493
356494
356495
356496
356497
356498
356499
356500
356501
356502
356503
356504
356505
356506
356507
356508
356509
356510
356511
356512
356513
356514
356515
356516
356517
356518
356519
356520
356521
356522
356523
356524
356525
356526
356527
356528
356529
356530
356531
356532
356533
356534
356535
356536
356537
356538
356539
356540
356541
356542
356543
356544
356545
356546
356547
356548
356549
356550
356551
356552
356553
356554
356555
356556
356557
356558
356559
356560
356561
356562
356563
356564
356565
356566
356567
356568
356569
356570
356571
356572
356573
356574
356575
356576
356577
356578
356579
356580
356581
356582
356583
356584
356585
356586
356587
356588
356589
356590
356591
356592
356593
356594
356595
356596
356597
356598
356599
356600
356601
356602
356603
356604
356605
356606
356607
356608
356609
356610
356611
356612
356613
356614
356615
356616
356617
356618
356619
356620
356621
356622
356623
356624
356625
356626
356627
356628
356629
356630
356631
356632
356633
356634
356635
356636
356637
356638
356639
356640
356641
356642
356643
356644
356645
356646
356647
356648
356649
356650
356651
356652
356653
356654
356655
356656
356657
356658
356659
356660
356661
356662
356663
356664
356665
356666
356667
356668
356669
356670
356671
356672
356673
356674
356675
356676
356677
356678
356679
356680
356681
356682
356683
356684
356685
356686
356687
356688
356689
356690
356691
356692
356693
356694
356695
356696
356697
356698
356699
356700
356701
356702
356703
356704
356705
356706
356707
356708
356709
356710
356711
356712
356713
356714
356715
356716
356717
356718
356719
356720
356721
356722
356723
356724
356725
356726
356727
356728
356729
356730
356731
356732
356733
356734
356735
356736
356737
356738
356739
356740
356741
356742
356743
356744
356745
356746
356747
356748
356749
356750
356751
356752
356753
356754
356755
356756
356757
356758
356759
356760
356761
356762
356763
356764
356765
356766
356767
356768
356769
356770
356771
356772
356773
356774
356775
356776
356777
356778
356779
356780
356781
356782
356783
356784
356785
356786
356787
356788
356789
356790
356791
356792
356793
356794
356795
356796
356797
356798
356799
356800
356801
356802
356803
356804
356805
356806
356807
356808
356809
356810
356811
356812
356813
356814
356815
356816
356817
356818
356819
356820
356821
356822
356823
356824
356825
356826
356827
356828
356829
356830
356831
356832
356833
356834
356835
356836
356837
356838
356839
356840
356841
356842
356843
356844
356845
356846
356847
356848
356849
356850
356851
356852
356853
356854
356855
356856
356857
356858
356859
356860
356861
356862
356863
356864
356865
356866
356867
356868
356869
356870
356871
356872
356873
356874
356875
356876
356877
356878
356879
356880
356881
356882
356883
356884
356885
356886
356887
356888
356889
356890
356891
356892
356893
356894
356895
356896
356897
356898
356899
356900
356901
356902
356903
356904
356905
356906
356907
356908
356909
356910
356911
356912
356913
356914
356915
356916
356917
356918
356919
356920
356921
356922
356923
356924
356925
356926
356927
356928
356929
356930
356931
356932
356933
356934
356935
356936
356937
356938
356939
356940
356941
356942
356943
356944
356945
356946
356947
356948
356949
356950
356951
356952
356953
356954
356955
356956
356957
356958
356959
356960
356961
356962
356963
356964
356965
356966
356967
356968
356969
356970
356971
356972
356973
356974
356975
356976
356977
356978
356979
356980
356981
356982
356983
356984
356985
356986
356987
356988
356989
356990
356991
356992
356993
356994
356995
356996
356997
356998
356999
357000
357001
357002
357003
357004
357005
357006
357007
357008
357009
357010
357011
357012
357013
357014
357015
357016
357017
357018
357019
357020
357021
357022
357023
357024
357025
357026
357027
357028
357029
357030
357031
357032
357033
357034
357035
357036
357037
357038
357039
357040
357041
357042
357043
357044
357045
357046
357047
357048
357049
357050
357051
357052
357053
357054
357055
357056
357057
357058
357059
357060
357061
357062
357063
357064
357065
357066
357067
357068
357069
357070
357071
357072
357073
357074
357075
357076
357077
357078
357079
357080
357081
357082
357083
357084
357085
357086
357087
357088
357089
357090
357091
357092
357093
357094
357095
357096
357097
357098
357099
357100
357101
357102
357103
357104
357105
357106
357107
357108
357109
357110
357111
357112
357113
357114
357115
357116
357117
357118
357119
357120
357121
357122
357123
357124
357125
357126
357127
357128
357129
357130
357131
357132
357133
357134
357135
357136
357137
357138
357139
357140
357141
357142
357143
357144
357145
357146
357147
357148
357149
357150
357151
357152
357153
357154
357155
357156
357157
357158
357159
357160
357161
357162
357163
357164
357165
357166
357167
357168
357169
357170
357171
357172
357173
357174
357175
357176
357177
357178
357179
357180
357181
357182
357183
357184
357185
357186
357187
357188
357189
357190
357191
357192
357193
357194
357195
357196
357197
357198
357199
357200
357201
357202
357203
357204
357205
357206
357207
357208
357209
357210
357211
357212
357213
357214
357215
357216
357217
357218
357219
357220
357221
357222
357223
357224
357225
357226
357227
357228
357229
357230
357231
357232
357233
357234
357235
357236
357237
357238
357239
357240
357241
357242
357243
357244
357245
357246
357247
357248
357249
357250
357251
357252
357253
357254
357255
357256
357257
357258
357259
357260
357261
357262
357263
357264
357265
357266
357267
357268
357269
357270
357271
357272
357273
357274
357275
357276
357277
357278
357279
357280
357281
357282
357283
357284
357285
357286
357287
357288
357289
357290
357291
357292
357293
357294
357295
357296
357297
357298
357299
357300
357301
357302
357303
357304
357305
357306
357307
357308
357309
357310
357311
357312
357313
357314
357315
357316
357317
357318
357319
357320
357321
357322
357323
357324
357325
357326
357327
357328
357329
357330
357331
357332
357333
357334
357335
357336
357337
357338
357339
357340
357341
357342
357343
357344
357345
357346
357347
357348
357349
357350
357351
357352
357353
357354
357355
357356
357357
357358
357359
357360
357361
357362
357363
357364
357365
357366
357367
357368
357369
357370
357371
357372
357373
357374
357375
357376
357377
357378
357379
357380
357381
357382
357383
357384
357385
357386
357387
357388
357389
357390
357391
357392
357393
357394
357395
357396
357397
357398
357399
357400
357401
357402
357403
357404
357405
357406
357407
357408
357409
357410
357411
357412
357413
357414
357415
357416
357417
357418
357419
357420
357421
357422
357423
357424
357425
357426
357427
357428
357429
357430
357431
357432
357433
357434
357435
357436
357437
357438
357439
357440
357441
357442
357443
357444
357445
357446
357447
357448
357449
357450
357451
357452
357453
357454
357455
357456
357457
357458
357459
357460
357461
357462
357463
357464
357465
357466
357467
357468
357469
357470
357471
357472
357473
357474
357475
357476
357477
357478
357479
357480
357481
357482
357483
357484
357485
357486
357487
357488
357489
357490
357491
357492
357493
357494
357495
357496
357497
357498
357499
357500
357501
357502
357503
357504
357505
357506
357507
357508
357509
357510
357511
357512
357513
357514
357515
357516
357517
357518
357519
357520
357521
357522
357523
357524
357525
357526
357527
357528
357529
357530
357531
357532
357533
357534
357535
357536
357537
357538
357539
357540
357541
357542
357543
357544
357545
357546
357547
357548
357549
357550
357551
357552
357553
357554
357555
357556
357557
357558
357559
357560
357561
357562
357563
357564
357565
357566
357567
357568
357569
357570
357571
357572
357573
357574
357575
357576
357577
357578
357579
357580
357581
357582
357583
357584
357585
357586
357587
357588
357589
357590
357591
357592
357593
357594
357595
357596
357597
357598
357599
357600
357601
357602
357603
357604
357605
357606
357607
357608
357609
357610
357611
357612
357613
357614
357615
357616
357617
357618
357619
357620
357621
357622
357623
357624
357625
357626
357627
357628
357629
357630
357631
357632
357633
357634
357635
357636
357637
357638
357639
357640
357641
357642
357643
357644
357645
357646
357647
357648
357649
357650
357651
357652
357653
357654
357655
357656
357657
357658
357659
357660
357661
357662
357663
357664
357665
357666
357667
357668
357669
357670
357671
357672
357673
357674
357675
357676
357677
357678
357679
357680
357681
357682
357683
357684
357685
357686
357687
357688
357689
357690
357691
357692
357693
357694
357695
357696
357697
357698
357699
357700
357701
357702
357703
357704
357705
357706
357707
357708
357709
357710
357711
357712
357713
357714
357715
357716
357717
357718
357719
357720
357721
357722
357723
357724
357725
357726
357727
357728
357729
357730
357731
357732
357733
357734
357735
357736
357737
357738
357739
357740
357741
357742
357743
357744
357745
357746
357747
357748
357749
357750
357751
357752
357753
357754
357755
357756
357757
357758
357759
357760
357761
357762
357763
357764
357765
357766
357767
357768
357769
357770
357771
357772
357773
357774
357775
357776
357777
357778
357779
357780
357781
357782
357783
357784
357785
357786
357787
357788
357789
357790
357791
357792
357793
357794
357795
357796
357797
357798
357799
357800
357801
357802
357803
357804
357805
357806
357807
357808
357809
357810
357811
357812
357813
357814
357815
357816
357817
357818
357819
357820
357821
357822
357823
357824
357825
357826
357827
357828
357829
357830
357831
357832
357833
357834
357835
357836
357837
357838
357839
357840
357841
357842
357843
357844
357845
357846
357847
357848
357849
357850
357851
357852
357853
357854
357855
357856
357857
357858
357859
357860
357861
357862
357863
357864
357865
357866
357867
357868
357869
357870
357871
357872
357873
357874
357875
357876
357877
357878
357879
357880
357881
357882
357883
357884
357885
357886
357887
357888
357889
357890
357891
357892
357893
357894
357895
357896
357897
357898
357899
357900
357901
357902
357903
357904
357905
357906
357907
357908
357909
357910
357911
357912
357913
357914
357915
357916
357917
357918
357919
357920
357921
357922
357923
357924
357925
357926
357927
357928
357929
357930
357931
357932
357933
357934
357935
357936
357937
357938
357939
357940
357941
357942
357943
357944
357945
357946
357947
357948
357949
357950
357951
357952
357953
357954
357955
357956
357957
357958
357959
357960
357961
357962
357963
357964
357965
357966
357967
357968
357969
357970
357971
357972
357973
357974
357975
357976
357977
357978
357979
357980
357981
357982
357983
357984
357985
357986
357987
357988
357989
357990
357991
357992
357993
357994
357995
357996
357997
357998
357999
358000
358001
358002
358003
358004
358005
358006
358007
358008
358009
358010
358011
358012
358013
358014
358015
358016
358017
358018
358019
358020
358021
358022
358023
358024
358025
358026
358027
358028
358029
358030
358031
358032
358033
358034
358035
358036
358037
358038
358039
358040
358041
358042
358043
358044
358045
358046
358047
358048
358049
358050
358051
358052
358053
358054
358055
358056
358057
358058
358059
358060
358061
358062
358063
358064
358065
358066
358067
358068
358069
358070
358071
358072
358073
358074
358075
358076
358077
358078
358079
358080
358081
358082
358083
358084
358085
358086
358087
358088
358089
358090
358091
358092
358093
358094
358095
358096
358097
358098
358099
358100
358101
358102
358103
358104
358105
358106
358107
358108
358109
358110
358111
358112
358113
358114
358115
358116
358117
358118
358119
358120
358121
358122
358123
358124
358125
358126
358127
358128
358129
358130
358131
358132
358133
358134
358135
358136
358137
358138
358139
358140
358141
358142
358143
358144
358145
358146
358147
358148
358149
358150
358151
358152
358153
358154
358155
358156
358157
358158
358159
358160
358161
358162
358163
358164
358165
358166
358167
358168
358169
358170
358171
358172
358173
358174
358175
358176
358177
358178
358179
358180
358181
358182
358183
358184
358185
358186
358187
358188
358189
358190
358191
358192
358193
358194
358195
358196
358197
358198
358199
358200
358201
358202
358203
358204
358205
358206
358207
358208
358209
358210
358211
358212
358213
358214
358215
358216
358217
358218
358219
358220
358221
358222
358223
358224
358225
358226
358227
358228
358229
358230
358231
358232
358233
358234
358235
358236
358237
358238
358239
358240
358241
358242
358243
358244
358245
358246
358247
358248
358249
358250
358251
358252
358253
358254
358255
358256
358257
358258
358259
358260
358261
358262
358263
358264
358265
358266
358267
358268
358269
358270
358271
358272
358273
358274
358275
358276
358277
358278
358279
358280
358281
358282
358283
358284
358285
358286
358287
358288
358289
358290
358291
358292
358293
358294
358295
358296
358297
358298
358299
358300
358301
358302
358303
358304
358305
358306
358307
358308
358309
358310
358311
358312
358313
358314
358315
358316
358317
358318
358319
358320
358321
358322
358323
358324
358325
358326
358327
358328
358329
358330
358331
358332
358333
358334
358335
358336
358337
358338
358339
358340
358341
358342
358343
358344
358345
358346
358347
358348
358349
358350
358351
358352
358353
358354
358355
358356
358357
358358
358359
358360
358361
358362
358363
358364
358365
358366
358367
358368
358369
358370
358371
358372
358373
358374
358375
358376
358377
358378
358379
358380
358381
358382
358383
358384
358385
358386
358387
358388
358389
358390
358391
358392
358393
358394
358395
358396
358397
358398
358399
358400
358401
358402
358403
358404
358405
358406
358407
358408
358409
358410
358411
358412
358413
358414
358415
358416
358417
358418
358419
358420
358421
358422
358423
358424
358425
358426
358427
358428
358429
358430
358431
358432
358433
358434
358435
358436
358437
358438
358439
358440
358441
358442
358443
358444
358445
358446
358447
358448
358449
358450
358451
358452
358453
358454
358455
358456
358457
358458
358459
358460
358461
358462
358463
358464
358465
358466
358467
358468
358469
358470
358471
358472
358473
358474
358475
358476
358477
358478
358479
358480
358481
358482
358483
358484
358485
358486
358487
358488
358489
358490
358491
358492
358493
358494
358495
358496
358497
358498
358499
358500
358501
358502
358503
358504
358505
358506
358507
358508
358509
358510
358511
358512
358513
358514
358515
358516
358517
358518
358519
358520
358521
358522
358523
358524
358525
358526
358527
358528
358529
358530
358531
358532
358533
358534
358535
358536
358537
358538
358539
358540
358541
358542
358543
358544
358545
358546
358547
358548
358549
358550
358551
358552
358553
358554
358555
358556
358557
358558
358559
358560
358561
358562
358563
358564
358565
358566
358567
358568
358569
358570
358571
358572
358573
358574
358575
358576
358577
358578
358579
358580
358581
358582
358583
358584
358585
358586
358587
358588
358589
358590
358591
358592
358593
358594
358595
358596
358597
358598
358599
358600
358601
358602
358603
358604
358605
358606
358607
358608
358609
358610
358611
358612
358613
358614
358615
358616
358617
358618
358619
358620
358621
358622
358623
358624
358625
358626
358627
358628
358629
358630
358631
358632
358633
358634
358635
358636
358637
358638
358639
358640
358641
358642
358643
358644
358645
358646
358647
358648
358649
358650
358651
358652
358653
358654
358655
358656
358657
358658
358659
358660
358661
358662
358663
358664
358665
358666
358667
358668
358669
358670
358671
358672
358673
358674
358675
358676
358677
358678
358679
358680
358681
358682
358683
358684
358685
358686
358687
358688
358689
358690
358691
358692
358693
358694
358695
358696
358697
358698
358699
358700
358701
358702
358703
358704
358705
358706
358707
358708
358709
358710
358711
358712
358713
358714
358715
358716
358717
358718
358719
358720
358721
358722
358723
358724
358725
358726
358727
358728
358729
358730
358731
358732
358733
358734
358735
358736
358737
358738
358739
358740
358741
358742
358743
358744
358745
358746
358747
358748
358749
358750
358751
358752
358753
358754
358755
358756
358757
358758
358759
358760
358761
358762
358763
358764
358765
358766
358767
358768
358769
358770
358771
358772
358773
358774
358775
358776
358777
358778
358779
358780
358781
358782
358783
358784
358785
358786
358787
358788
358789
358790
358791
358792
358793
358794
358795
358796
358797
358798
358799
358800
358801
358802
358803
358804
358805
358806
358807
358808
358809
358810
358811
358812
358813
358814
358815
358816
358817
358818
358819
358820
358821
358822
358823
358824
358825
358826
358827
358828
358829
358830
358831
358832
358833
358834
358835
358836
358837
358838
358839
358840
358841
358842
358843
358844
358845
358846
358847
358848
358849
358850
358851
358852
358853
358854
358855
358856
358857
358858
358859
358860
358861
358862
358863
358864
358865
358866
358867
358868
358869
358870
358871
358872
358873
358874
358875
358876
358877
358878
358879
358880
358881
358882
358883
358884
358885
358886
358887
358888
358889
358890
358891
358892
358893
358894
358895
358896
358897
358898
358899
358900
358901
358902
358903
358904
358905
358906
358907
358908
358909
358910
358911
358912
358913
358914
358915
358916
358917
358918
358919
358920
358921
358922
358923
358924
358925
358926
358927
358928
358929
358930
358931
358932
358933
358934
358935
358936
358937
358938
358939
358940
358941
358942
358943
358944
358945
358946
358947
358948
358949
358950
358951
358952
358953
358954
358955
358956
358957
358958
358959
358960
358961
358962
358963
358964
358965
358966
358967
358968
358969
358970
358971
358972
358973
358974
358975
358976
358977
358978
358979
358980
358981
358982
358983
358984
358985
358986
358987
358988
358989
358990
358991
358992
358993
358994
358995
358996
358997
358998
358999
359000
359001
359002
359003
359004
359005
359006
359007
359008
359009
359010
359011
359012
359013
359014
359015
359016
359017
359018
359019
359020
359021
359022
359023
359024
359025
359026
359027
359028
359029
359030
359031
359032
359033
359034
359035
359036
359037
359038
359039
359040
359041
359042
359043
359044
359045
359046
359047
359048
359049
359050
359051
359052
359053
359054
359055
359056
359057
359058
359059
359060
359061
359062
359063
359064
359065
359066
359067
359068
359069
359070
359071
359072
359073
359074
359075
359076
359077
359078
359079
359080
359081
359082
359083
359084
359085
359086
359087
359088
359089
359090
359091
359092
359093
359094
359095
359096
359097
359098
359099
359100
359101
359102
359103
359104
359105
359106
359107
359108
359109
359110
359111
359112
359113
359114
359115
359116
359117
359118
359119
359120
359121
359122
359123
359124
359125
359126
359127
359128
359129
359130
359131
359132
359133
359134
359135
359136
359137
359138
359139
359140
359141
359142
359143
359144
359145
359146
359147
359148
359149
359150
359151
359152
359153
359154
359155
359156
359157
359158
359159
359160
359161
359162
359163
359164
359165
359166
359167
359168
359169
359170
359171
359172
359173
359174
359175
359176
359177
359178
359179
359180
359181
359182
359183
359184
359185
359186
359187
359188
359189
359190
359191
359192
359193
359194
359195
359196
359197
359198
359199
359200
359201
359202
359203
359204
359205
359206
359207
359208
359209
359210
359211
359212
359213
359214
359215
359216
359217
359218
359219
359220
359221
359222
359223
359224
359225
359226
359227
359228
359229
359230
359231
359232
359233
359234
359235
359236
359237
359238
359239
359240
359241
359242
359243
359244
359245
359246
359247
359248
359249
359250
359251
359252
359253
359254
359255
359256
359257
359258
359259
359260
359261
359262
359263
359264
359265
359266
359267
359268
359269
359270
359271
359272
359273
359274
359275
359276
359277
359278
359279
359280
359281
359282
359283
359284
359285
359286
359287
359288
359289
359290
359291
359292
359293
359294
359295
359296
359297
359298
359299
359300
359301
359302
359303
359304
359305
359306
359307
359308
359309
359310
359311
359312
359313
359314
359315
359316
359317
359318
359319
359320
359321
359322
359323
359324
359325
359326
359327
359328
359329
359330
359331
359332
359333
359334
359335
359336
359337
359338
359339
359340
359341
359342
359343
359344
359345
359346
359347
359348
359349
359350
359351
359352
359353
359354
359355
359356
359357
359358
359359
359360
359361
359362
359363
359364
359365
359366
359367
359368
359369
359370
359371
359372
359373
359374
359375
359376
359377
359378
359379
359380
359381
359382
359383
359384
359385
359386
359387
359388
359389
359390
359391
359392
359393
359394
359395
359396
359397
359398
359399
359400
359401
359402
359403
359404
359405
359406
359407
359408
359409
359410
359411
359412
359413
359414
359415
359416
359417
359418
359419
359420
359421
359422
359423
359424
359425
359426
359427
359428
359429
359430
359431
359432
359433
359434
359435
359436
359437
359438
359439
359440
359441
359442
359443
359444
359445
359446
359447
359448
359449
359450
359451
359452
359453
359454
359455
359456
359457
359458
359459
359460
359461
359462
359463
359464
359465
359466
359467
359468
359469
359470
359471
359472
359473
359474
359475
359476
359477
359478
359479
359480
359481
359482
359483
359484
359485
359486
359487
359488
359489
359490
359491
359492
359493
359494
359495
359496
359497
359498
359499
359500
359501
359502
359503
359504
359505
359506
359507
359508
359509
359510
359511
359512
359513
359514
359515
359516
359517
359518
359519
359520
359521
359522
359523
359524
359525
359526
359527
359528
359529
359530
359531
359532
359533
359534
359535
359536
359537
359538
359539
359540
359541
359542
359543
359544
359545
359546
359547
359548
359549
359550
359551
359552
359553
359554
359555
359556
359557
359558
359559
359560
359561
359562
359563
359564
359565
359566
359567
359568
359569
359570
359571
359572
359573
359574
359575
359576
359577
359578
359579
359580
359581
359582
359583
359584
359585
359586
359587
359588
359589
359590
359591
359592
359593
359594
359595
359596
359597
359598
359599
359600
359601
359602
359603
359604
359605
359606
359607
359608
359609
359610
359611
359612
359613
359614
359615
359616
359617
359618
359619
359620
359621
359622
359623
359624
359625
359626
359627
359628
359629
359630
359631
359632
359633
359634
359635
359636
359637
359638
359639
359640
359641
359642
359643
359644
359645
359646
359647
359648
359649
359650
359651
359652
359653
359654
359655
359656
359657
359658
359659
359660
359661
359662
359663
359664
359665
359666
359667
359668
359669
359670
359671
359672
359673
359674
359675
359676
359677
359678
359679
359680
359681
359682
359683
359684
359685
359686
359687
359688
359689
359690
359691
359692
359693
359694
359695
359696
359697
359698
359699
359700
359701
359702
359703
359704
359705
359706
359707
359708
359709
359710
359711
359712
359713
359714
359715
359716
359717
359718
359719
359720
359721
359722
359723
359724
359725
359726
359727
359728
359729
359730
359731
359732
359733
359734
359735
359736
359737
359738
359739
359740
359741
359742
359743
359744
359745
359746
359747
359748
359749
359750
359751
359752
359753
359754
359755
359756
359757
359758
359759
359760
359761
359762
359763
359764
359765
359766
359767
359768
359769
359770
359771
359772
359773
359774
359775
359776
359777
359778
359779
359780
359781
359782
359783
359784
359785
359786
359787
359788
359789
359790
359791
359792
359793
359794
359795
359796
359797
359798
359799
359800
359801
359802
359803
359804
359805
359806
359807
359808
359809
359810
359811
359812
359813
359814
359815
359816
359817
359818
359819
359820
359821
359822
359823
359824
359825
359826
359827
359828
359829
359830
359831
359832
359833
359834
359835
359836
359837
359838
359839
359840
359841
359842
359843
359844
359845
359846
359847
359848
359849
359850
359851
359852
359853
359854
359855
359856
359857
359858
359859
359860
359861
359862
359863
359864
359865
359866
359867
359868
359869
359870
359871
359872
359873
359874
359875
359876
359877
359878
359879
359880
359881
359882
359883
359884
359885
359886
359887
359888
359889
359890
359891
359892
359893
359894
359895
359896
359897
359898
359899
359900
359901
359902
359903
359904
359905
359906
359907
359908
359909
359910
359911
359912
359913
359914
359915
359916
359917
359918
359919
359920
359921
359922
359923
359924
359925
359926
359927
359928
359929
359930
359931
359932
359933
359934
359935
359936
359937
359938
359939
359940
359941
359942
359943
359944
359945
359946
359947
359948
359949
359950
359951
359952
359953
359954
359955
359956
359957
359958
359959
359960
359961
359962
359963
359964
359965
359966
359967
359968
359969
359970
359971
359972
359973
359974
359975
359976
359977
359978
359979
359980
359981
359982
359983
359984
359985
359986
359987
359988
359989
359990
359991
359992
359993
359994
359995
359996
359997
359998
359999
