570000
570001
570002
570003
570004
570005
570006
570007
570008
570009
570010
570011
570012
570013
570014
570015
570016
570017
570018
570019
570020
570021
570022
570023
570024
570025
570026
570027
570028
570029
570030
570031
570032
570033
570034
570035
570036
570037
570038
570039
570040
570041
570042
570043
570044
570045
570046
570047
570048
570049
570050
570051
570052
570053
570054
570055
570056
570057
570058
570059
570060
570061
570062
570063
570064
570065
570066
570067
570068
570069
570070
570071
570072
570073
570074
570075
570076
570077
570078
570079
570080
570081
570082
570083
570084
570085
570086
570087
570088
570089
570090
570091
570092
570093
570094
570095
570096
570097
570098
570099
570100
570101
570102
570103
570104
570105
570106
570107
570108
570109
570110
570111
570112
570113
570114
570115
570116
570117
570118
570119
570120
570121
570122
570123
570124
570125
570126
570127
570128
570129
570130
570131
570132
570133
570134
570135
570136
570137
570138
570139
570140
570141
570142
570143
570144
570145
570146
570147
570148
570149
570150
570151
570152
570153
570154
570155
570156
570157
570158
570159
570160
570161
570162
570163
570164
570165
570166
570167
570168
570169
570170
570171
570172
570173
570174
570175
570176
570177
570178
570179
570180
570181
570182
570183
570184
570185
570186
570187
570188
570189
570190
570191
570192
570193
570194
570195
570196
570197
570198
570199
570200
570201
570202
570203
570204
570205
570206
570207
570208
570209
570210
570211
570212
570213
570214
570215
570216
570217
570218
570219
570220
570221
570222
570223
570224
570225
570226
570227
570228
570229
570230
570231
570232
570233
570234
570235
570236
570237
570238
570239
570240
570241
570242
570243
570244
570245
570246
570247
570248
570249
570250
570251
570252
570253
570254
570255
570256
570257
570258
570259
570260
570261
570262
570263
570264
570265
570266
570267
570268
570269
570270
570271
570272
570273
570274
570275
570276
570277
570278
570279
570280
570281
570282
570283
570284
570285
570286
570287
570288
570289
570290
570291
570292
570293
570294
570295
570296
570297
570298
570299
570300
570301
570302
570303
570304
570305
570306
570307
570308
570309
570310
570311
570312
570313
570314
570315
570316
570317
570318
570319
570320
570321
570322
570323
570324
570325
570326
570327
570328
570329
570330
570331
570332
570333
570334
570335
570336
570337
570338
570339
570340
570341
570342
570343
570344
570345
570346
570347
570348
570349
570350
570351
570352
570353
570354
570355
570356
570357
570358
570359
570360
570361
570362
570363
570364
570365
570366
570367
570368
570369
570370
570371
570372
570373
570374
570375
570376
570377
570378
570379
570380
570381
570382
570383
570384
570385
570386
570387
570388
570389
570390
570391
570392
570393
570394
570395
570396
570397
570398
570399
570400
570401
570402
570403
570404
570405
570406
570407
570408
570409
570410
570411
570412
570413
570414
570415
570416
570417
570418
570419
570420
570421
570422
570423
570424
570425
570426
570427
570428
570429
570430
570431
570432
570433
570434
570435
570436
570437
570438
570439
570440
570441
570442
570443
570444
570445
570446
570447
570448
570449
570450
570451
570452
570453
570454
570455
570456
570457
570458
570459
570460
570461
570462
570463
570464
570465
570466
570467
570468
570469
570470
570471
570472
570473
570474
570475
570476
570477
570478
570479
570480
570481
570482
570483
570484
570485
570486
570487
570488
570489
570490
570491
570492
570493
570494
570495
570496
570497
570498
570499
570500
570501
570502
570503
570504
570505
570506
570507
570508
570509
570510
570511
570512
570513
570514
570515
570516
570517
570518
570519
570520
570521
570522
570523
570524
570525
570526
570527
570528
570529
570530
570531
570532
570533
570534
570535
570536
570537
570538
570539
570540
570541
570542
570543
570544
570545
570546
570547
570548
570549
570550
570551
570552
570553
570554
570555
570556
570557
570558
570559
570560
570561
570562
570563
570564
570565
570566
570567
570568
570569
570570
570571
570572
570573
570574
570575
570576
570577
570578
570579
570580
570581
570582
570583
570584
570585
570586
570587
570588
570589
570590
570591
570592
570593
570594
570595
570596
570597
570598
570599
570600
570601
570602
570603
570604
570605
570606
570607
570608
570609
570610
570611
570612
570613
570614
570615
570616
570617
570618
570619
570620
570621
570622
570623
570624
570625
570626
570627
570628
570629
570630
570631
570632
570633
570634
570635
570636
570637
570638
570639
570640
570641
570642
570643
570644
570645
570646
570647
570648
570649
570650
570651
570652
570653
570654
570655
570656
570657
570658
570659
570660
570661
570662
570663
570664
570665
570666
570667
570668
570669
570670
570671
570672
570673
570674
570675
570676
570677
570678
570679
570680
570681
570682
570683
570684
570685
570686
570687
570688
570689
570690
570691
570692
570693
570694
570695
570696
570697
570698
570699
570700
570701
570702
570703
570704
570705
570706
570707
570708
570709
570710
570711
570712
570713
570714
570715
570716
570717
570718
570719
570720
570721
570722
570723
570724
570725
570726
570727
570728
570729
570730
570731
570732
570733
570734
570735
570736
570737
570738
570739
570740
570741
570742
570743
570744
570745
570746
570747
570748
570749
570750
570751
570752
570753
570754
570755
570756
570757
570758
570759
570760
570761
570762
570763
570764
570765
570766
570767
570768
570769
570770
570771
570772
570773
570774
570775
570776
570777
570778
570779
570780
570781
570782
570783
570784
570785
570786
570787
570788
570789
570790
570791
570792
570793
570794
570795
570796
570797
570798
570799
570800
570801
570802
570803
570804
570805
570806
570807
570808
570809
570810
570811
570812
570813
570814
570815
570816
570817
570818
570819
570820
570821
570822
570823
570824
570825
570826
570827
570828
570829
570830
570831
570832
570833
570834
570835
570836
570837
570838
570839
570840
570841
570842
570843
570844
570845
570846
570847
570848
570849
570850
570851
570852
570853
570854
570855
570856
570857
570858
570859
570860
570861
570862
570863
570864
570865
570866
570867
570868
570869
570870
570871
570872
570873
570874
570875
570876
570877
570878
570879
570880
570881
570882
570883
570884
570885
570886
570887
570888
570889
570890
570891
570892
570893
570894
570895
570896
570897
570898
570899
570900
570901
570902
570903
570904
570905
570906
570907
570908
570909
570910
570911
570912
570913
570914
570915
570916
570917
570918
570919
570920
570921
570922
570923
570924
570925
570926
570927
570928
570929
570930
570931
570932
570933
570934
570935
570936
570937
570938
570939
570940
570941
570942
570943
570944
570945
570946
570947
570948
570949
570950
570951
570952
570953
570954
570955
570956
570957
570958
570959
570960
570961
570962
570963
570964
570965
570966
570967
570968
570969
570970
570971
570972
570973
570974
570975
570976
570977
570978
570979
570980
570981
570982
570983
570984
570985
570986
570987
570988
570989
570990
570991
570992
570993
570994
570995
570996
570997
570998
570999
571000
571001
571002
571003
571004
571005
571006
571007
571008
571009
571010
571011
571012
571013
571014
571015
571016
571017
571018
571019
571020
571021
571022
571023
571024
571025
571026
571027
571028
571029
571030
571031
571032
571033
571034
571035
571036
571037
571038
571039
571040
571041
571042
571043
571044
571045
571046
571047
571048
571049
571050
571051
571052
571053
571054
571055
571056
571057
571058
571059
571060
571061
571062
571063
571064
571065
571066
571067
571068
571069
571070
571071
571072
571073
571074
571075
571076
571077
571078
571079
571080
571081
571082
571083
571084
571085
571086
571087
571088
571089
571090
571091
571092
571093
571094
571095
571096
571097
571098
571099
571100
571101
571102
571103
571104
571105
571106
571107
571108
571109
571110
571111
571112
571113
571114
571115
571116
571117
571118
571119
571120
571121
571122
571123
571124
571125
571126
571127
571128
571129
571130
571131
571132
571133
571134
571135
571136
571137
571138
571139
571140
571141
571142
571143
571144
571145
571146
571147
571148
571149
571150
571151
571152
571153
571154
571155
571156
571157
571158
571159
571160
571161
571162
571163
571164
571165
571166
571167
571168
571169
571170
571171
571172
571173
571174
571175
571176
571177
571178
571179
571180
571181
571182
571183
571184
571185
571186
571187
571188
571189
571190
571191
571192
571193
571194
571195
571196
571197
571198
571199
571200
571201
571202
571203
571204
571205
571206
571207
571208
571209
571210
571211
571212
571213
571214
571215
571216
571217
571218
571219
571220
571221
571222
571223
571224
571225
571226
571227
571228
571229
571230
571231
571232
571233
571234
571235
571236
571237
571238
571239
571240
571241
571242
571243
571244
571245
571246
571247
571248
571249
571250
571251
571252
571253
571254
571255
571256
571257
571258
571259
571260
571261
571262
571263
571264
571265
571266
571267
571268
571269
571270
571271
571272
571273
571274
571275
571276
571277
571278
571279
571280
571281
571282
571283
571284
571285
571286
571287
571288
571289
571290
571291
571292
571293
571294
571295
571296
571297
571298
571299
571300
571301
571302
571303
571304
571305
571306
571307
571308
571309
571310
571311
571312
571313
571314
571315
571316
571317
571318
571319
571320
571321
571322
571323
571324
571325
571326
571327
571328
571329
571330
571331
571332
571333
571334
571335
571336
571337
571338
571339
571340
571341
571342
571343
571344
571345
571346
571347
571348
571349
571350
571351
571352
571353
571354
571355
571356
571357
571358
571359
571360
571361
571362
571363
571364
571365
571366
571367
571368
571369
571370
571371
571372
571373
571374
571375
571376
571377
571378
571379
571380
571381
571382
571383
571384
571385
571386
571387
571388
571389
571390
571391
571392
571393
571394
571395
571396
571397
571398
571399
571400
571401
571402
571403
571404
571405
571406
571407
571408
571409
571410
571411
571412
571413
571414
571415
571416
571417
571418
571419
571420
571421
571422
571423
571424
571425
571426
571427
571428
571429
571430
571431
571432
571433
571434
571435
571436
571437
571438
571439
571440
571441
571442
571443
571444
571445
571446
571447
571448
571449
571450
571451
571452
571453
571454
571455
571456
571457
571458
571459
571460
571461
571462
571463
571464
571465
571466
571467
571468
571469
571470
571471
571472
571473
571474
571475
571476
571477
571478
571479
571480
571481
571482
571483
571484
571485
571486
571487
571488
571489
571490
571491
571492
571493
571494
571495
571496
571497
571498
571499
571500
571501
571502
571503
571504
571505
571506
571507
571508
571509
571510
571511
571512
571513
571514
571515
571516
571517
571518
571519
571520
571521
571522
571523
571524
571525
571526
571527
571528
571529
571530
571531
571532
571533
571534
571535
571536
571537
571538
571539
571540
571541
571542
571543
571544
571545
571546
571547
571548
571549
571550
571551
571552
571553
571554
571555
571556
571557
571558
571559
571560
571561
571562
571563
571564
571565
571566
571567
571568
571569
571570
571571
571572
571573
571574
571575
571576
571577
571578
571579
571580
571581
571582
571583
571584
571585
571586
571587
571588
571589
571590
571591
571592
571593
571594
571595
571596
571597
571598
571599
571600
571601
571602
571603
571604
571605
571606
571607
571608
571609
571610
571611
571612
571613
571614
571615
571616
571617
571618
571619
571620
571621
571622
571623
571624
571625
571626
571627
571628
571629
571630
571631
571632
571633
571634
571635
571636
571637
571638
571639
571640
571641
571642
571643
571644
571645
571646
571647
571648
571649
571650
571651
571652
571653
571654
571655
571656
571657
571658
571659
571660
571661
571662
571663
571664
571665
571666
571667
571668
571669
571670
571671
571672
571673
571674
571675
571676
571677
571678
571679
571680
571681
571682
571683
571684
571685
571686
571687
571688
571689
571690
571691
571692
571693
571694
571695
571696
571697
571698
571699
571700
571701
571702
571703
571704
571705
571706
571707
571708
571709
571710
571711
571712
571713
571714
571715
571716
571717
571718
571719
571720
571721
571722
571723
571724
571725
571726
571727
571728
571729
571730
571731
571732
571733
571734
571735
571736
571737
571738
571739
571740
571741
571742
571743
571744
571745
571746
571747
571748
571749
571750
571751
571752
571753
571754
571755
571756
571757
571758
571759
571760
571761
571762
571763
571764
571765
571766
571767
571768
571769
571770
571771
571772
571773
571774
571775
571776
571777
571778
571779
571780
571781
571782
571783
571784
571785
571786
571787
571788
571789
571790
571791
571792
571793
571794
571795
571796
571797
571798
571799
571800
571801
571802
571803
571804
571805
571806
571807
571808
571809
571810
571811
571812
571813
571814
571815
571816
571817
571818
571819
571820
571821
571822
571823
571824
571825
571826
571827
571828
571829
571830
571831
571832
571833
571834
571835
571836
571837
571838
571839
571840
571841
571842
571843
571844
571845
571846
571847
571848
571849
571850
571851
571852
571853
571854
571855
571856
571857
571858
571859
571860
571861
571862
571863
571864
571865
571866
571867
571868
571869
571870
571871
571872
571873
571874
571875
571876
571877
571878
571879
571880
571881
571882
571883
571884
571885
571886
571887
571888
571889
571890
571891
571892
571893
571894
571895
571896
571897
571898
571899
571900
571901
571902
571903
571904
571905
571906
571907
571908
571909
571910
571911
571912
571913
571914
571915
571916
571917
571918
571919
571920
571921
571922
571923
571924
571925
571926
571927
571928
571929
571930
571931
571932
571933
571934
571935
571936
571937
571938
571939
571940
571941
571942
571943
571944
571945
571946
571947
571948
571949
571950
571951
571952
571953
571954
571955
571956
571957
571958
571959
571960
571961
571962
571963
571964
571965
571966
571967
571968
571969
571970
571971
571972
571973
571974
571975
571976
571977
571978
571979
571980
571981
571982
571983
571984
571985
571986
571987
571988
571989
571990
571991
571992
571993
571994
571995
571996
571997
571998
571999
572000
572001
572002
572003
572004
572005
572006
572007
572008
572009
572010
572011
572012
572013
572014
572015
572016
572017
572018
572019
572020
572021
572022
572023
572024
572025
572026
572027
572028
572029
572030
572031
572032
572033
572034
572035
572036
572037
572038
572039
572040
572041
572042
572043
572044
572045
572046
572047
572048
572049
572050
572051
572052
572053
572054
572055
572056
572057
572058
572059
572060
572061
572062
572063
572064
572065
572066
572067
572068
572069
572070
572071
572072
572073
572074
572075
572076
572077
572078
572079
572080
572081
572082
572083
572084
572085
572086
572087
572088
572089
572090
572091
572092
572093
572094
572095
572096
572097
572098
572099
572100
572101
572102
572103
572104
572105
572106
572107
572108
572109
572110
572111
572112
572113
572114
572115
572116
572117
572118
572119
572120
572121
572122
572123
572124
572125
572126
572127
572128
572129
572130
572131
572132
572133
572134
572135
572136
572137
572138
572139
572140
572141
572142
572143
572144
572145
572146
572147
572148
572149
572150
572151
572152
572153
572154
572155
572156
572157
572158
572159
572160
572161
572162
572163
572164
572165
572166
572167
572168
572169
572170
572171
572172
572173
572174
572175
572176
572177
572178
572179
572180
572181
572182
572183
572184
572185
572186
572187
572188
572189
572190
572191
572192
572193
572194
572195
572196
572197
572198
572199
572200
572201
572202
572203
572204
572205
572206
572207
572208
572209
572210
572211
572212
572213
572214
572215
572216
572217
572218
572219
572220
572221
572222
572223
572224
572225
572226
572227
572228
572229
572230
572231
572232
572233
572234
572235
572236
572237
572238
572239
572240
572241
572242
572243
572244
572245
572246
572247
572248
572249
572250
572251
572252
572253
572254
572255
572256
572257
572258
572259
572260
572261
572262
572263
572264
572265
572266
572267
572268
572269
572270
572271
572272
572273
572274
572275
572276
572277
572278
572279
572280
572281
572282
572283
572284
572285
572286
572287
572288
572289
572290
572291
572292
572293
572294
572295
572296
572297
572298
572299
572300
572301
572302
572303
572304
572305
572306
572307
572308
572309
572310
572311
572312
572313
572314
572315
572316
572317
572318
572319
572320
572321
572322
572323
572324
572325
572326
572327
572328
572329
572330
572331
572332
572333
572334
572335
572336
572337
572338
572339
572340
572341
572342
572343
572344
572345
572346
572347
572348
572349
572350
572351
572352
572353
572354
572355
572356
572357
572358
572359
572360
572361
572362
572363
572364
572365
572366
572367
572368
572369
572370
572371
572372
572373
572374
572375
572376
572377
572378
572379
572380
572381
572382
572383
572384
572385
572386
572387
572388
572389
572390
572391
572392
572393
572394
572395
572396
572397
572398
572399
572400
572401
572402
572403
572404
572405
572406
572407
572408
572409
572410
572411
572412
572413
572414
572415
572416
572417
572418
572419
572420
572421
572422
572423
572424
572425
572426
572427
572428
572429
572430
572431
572432
572433
572434
572435
572436
572437
572438
572439
572440
572441
572442
572443
572444
572445
572446
572447
572448
572449
572450
572451
572452
572453
572454
572455
572456
572457
572458
572459
572460
572461
572462
572463
572464
572465
572466
572467
572468
572469
572470
572471
572472
572473
572474
572475
572476
572477
572478
572479
572480
572481
572482
572483
572484
572485
572486
572487
572488
572489
572490
572491
572492
572493
572494
572495
572496
572497
572498
572499
572500
572501
572502
572503
572504
572505
572506
572507
572508
572509
572510
572511
572512
572513
572514
572515
572516
572517
572518
572519
572520
572521
572522
572523
572524
572525
572526
572527
572528
572529
572530
572531
572532
572533
572534
572535
572536
572537
572538
572539
572540
572541
572542
572543
572544
572545
572546
572547
572548
572549
572550
572551
572552
572553
572554
572555
572556
572557
572558
572559
572560
572561
572562
572563
572564
572565
572566
572567
572568
572569
572570
572571
572572
572573
572574
572575
572576
572577
572578
572579
572580
572581
572582
572583
572584
572585
572586
572587
572588
572589
572590
572591
572592
572593
572594
572595
572596
572597
572598
572599
572600
572601
572602
572603
572604
572605
572606
572607
572608
572609
572610
572611
572612
572613
572614
572615
572616
572617
572618
572619
572620
572621
572622
572623
572624
572625
572626
572627
572628
572629
572630
572631
572632
572633
572634
572635
572636
572637
572638
572639
572640
572641
572642
572643
572644
572645
572646
572647
572648
572649
572650
572651
572652
572653
572654
572655
572656
572657
572658
572659
572660
572661
572662
572663
572664
572665
572666
572667
572668
572669
572670
572671
572672
572673
572674
572675
572676
572677
572678
572679
572680
572681
572682
572683
572684
572685
572686
572687
572688
572689
572690
572691
572692
572693
572694
572695
572696
572697
572698
572699
572700
572701
572702
572703
572704
572705
572706
572707
572708
572709
572710
572711
572712
572713
572714
572715
572716
572717
572718
572719
572720
572721
572722
572723
572724
572725
572726
572727
572728
572729
572730
572731
572732
572733
572734
572735
572736
572737
572738
572739
572740
572741
572742
572743
572744
572745
572746
572747
572748
572749
572750
572751
572752
572753
572754
572755
572756
572757
572758
572759
572760
572761
572762
572763
572764
572765
572766
572767
572768
572769
572770
572771
572772
572773
572774
572775
572776
572777
572778
572779
572780
572781
572782
572783
572784
572785
572786
572787
572788
572789
572790
572791
572792
572793
572794
572795
572796
572797
572798
572799
572800
572801
572802
572803
572804
572805
572806
572807
572808
572809
572810
572811
572812
572813
572814
572815
572816
572817
572818
572819
572820
572821
572822
572823
572824
572825
572826
572827
572828
572829
572830
572831
572832
572833
572834
572835
572836
572837
572838
572839
572840
572841
572842
572843
572844
572845
572846
572847
572848
572849
572850
572851
572852
572853
572854
572855
572856
572857
572858
572859
572860
572861
572862
572863
572864
572865
572866
572867
572868
572869
572870
572871
572872
572873
572874
572875
572876
572877
572878
572879
572880
572881
572882
572883
572884
572885
572886
572887
572888
572889
572890
572891
572892
572893
572894
572895
572896
572897
572898
572899
572900
572901
572902
572903
572904
572905
572906
572907
572908
572909
572910
572911
572912
572913
572914
572915
572916
572917
572918
572919
572920
572921
572922
572923
572924
572925
572926
572927
572928
572929
572930
572931
572932
572933
572934
572935
572936
572937
572938
572939
572940
572941
572942
572943
572944
572945
572946
572947
572948
572949
572950
572951
572952
572953
572954
572955
572956
572957
572958
572959
572960
572961
572962
572963
572964
572965
572966
572967
572968
572969
572970
572971
572972
572973
572974
572975
572976
572977
572978
572979
572980
572981
572982
572983
572984
572985
572986
572987
572988
572989
572990
572991
572992
572993
572994
572995
572996
572997
572998
572999
573000
573001
573002
573003
573004
573005
573006
573007
573008
573009
573010
573011
573012
573013
573014
573015
573016
573017
573018
573019
573020
573021
573022
573023
573024
573025
573026
573027
573028
573029
573030
573031
573032
573033
573034
573035
573036
573037
573038
573039
573040
573041
573042
573043
573044
573045
573046
573047
573048
573049
573050
573051
573052
573053
573054
573055
573056
573057
573058
573059
573060
573061
573062
573063
573064
573065
573066
573067
573068
573069
573070
573071
573072
573073
573074
573075
573076
573077
573078
573079
573080
573081
573082
573083
573084
573085
573086
573087
573088
573089
573090
573091
573092
573093
573094
573095
573096
573097
573098
573099
573100
573101
573102
573103
573104
573105
573106
573107
573108
573109
573110
573111
573112
573113
573114
573115
573116
573117
573118
573119
573120
573121
573122
573123
573124
573125
573126
573127
573128
573129
573130
573131
573132
573133
573134
573135
573136
573137
573138
573139
573140
573141
573142
573143
573144
573145
573146
573147
573148
573149
573150
573151
573152
573153
573154
573155
573156
573157
573158
573159
573160
573161
573162
573163
573164
573165
573166
573167
573168
573169
573170
573171
573172
573173
573174
573175
573176
573177
573178
573179
573180
573181
573182
573183
573184
573185
573186
573187
573188
573189
573190
573191
573192
573193
573194
573195
573196
573197
573198
573199
573200
573201
573202
573203
573204
573205
573206
573207
573208
573209
573210
573211
573212
573213
573214
573215
573216
573217
573218
573219
573220
573221
573222
573223
573224
573225
573226
573227
573228
573229
573230
573231
573232
573233
573234
573235
573236
573237
573238
573239
573240
573241
573242
573243
573244
573245
573246
573247
573248
573249
573250
573251
573252
573253
573254
573255
573256
573257
573258
573259
573260
573261
573262
573263
573264
573265
573266
573267
573268
573269
573270
573271
573272
573273
573274
573275
573276
573277
573278
573279
573280
573281
573282
573283
573284
573285
573286
573287
573288
573289
573290
573291
573292
573293
573294
573295
573296
573297
573298
573299
573300
573301
573302
573303
573304
573305
573306
573307
573308
573309
573310
573311
573312
573313
573314
573315
573316
573317
573318
573319
573320
573321
573322
573323
573324
573325
573326
573327
573328
573329
573330
573331
573332
573333
573334
573335
573336
573337
573338
573339
573340
573341
573342
573343
573344
573345
573346
573347
573348
573349
573350
573351
573352
573353
573354
573355
573356
573357
573358
573359
573360
573361
573362
573363
573364
573365
573366
573367
573368
573369
573370
573371
573372
573373
573374
573375
573376
573377
573378
573379
573380
573381
573382
573383
573384
573385
573386
573387
573388
573389
573390
573391
573392
573393
573394
573395
573396
573397
573398
573399
573400
573401
573402
573403
573404
573405
573406
573407
573408
573409
573410
573411
573412
573413
573414
573415
573416
573417
573418
573419
573420
573421
573422
573423
573424
573425
573426
573427
573428
573429
573430
573431
573432
573433
573434
573435
573436
573437
573438
573439
573440
573441
573442
573443
573444
573445
573446
573447
573448
573449
573450
573451
573452
573453
573454
573455
573456
573457
573458
573459
573460
573461
573462
573463
573464
573465
573466
573467
573468
573469
573470
573471
573472
573473
573474
573475
573476
573477
573478
573479
573480
573481
573482
573483
573484
573485
573486
573487
573488
573489
573490
573491
573492
573493
573494
573495
573496
573497
573498
573499
573500
573501
573502
573503
573504
573505
573506
573507
573508
573509
573510
573511
573512
573513
573514
573515
573516
573517
573518
573519
573520
573521
573522
573523
573524
573525
573526
573527
573528
573529
573530
573531
573532
573533
573534
573535
573536
573537
573538
573539
573540
573541
573542
573543
573544
573545
573546
573547
573548
573549
573550
573551
573552
573553
573554
573555
573556
573557
573558
573559
573560
573561
573562
573563
573564
573565
573566
573567
573568
573569
573570
573571
573572
573573
573574
573575
573576
573577
573578
573579
573580
573581
573582
573583
573584
573585
573586
573587
573588
573589
573590
573591
573592
573593
573594
573595
573596
573597
573598
573599
573600
573601
573602
573603
573604
573605
573606
573607
573608
573609
573610
573611
573612
573613
573614
573615
573616
573617
573618
573619
573620
573621
573622
573623
573624
573625
573626
573627
573628
573629
573630
573631
573632
573633
573634
573635
573636
573637
573638
573639
573640
573641
573642
573643
573644
573645
573646
573647
573648
573649
573650
573651
573652
573653
573654
573655
573656
573657
573658
573659
573660
573661
573662
573663
573664
573665
573666
573667
573668
573669
573670
573671
573672
573673
573674
573675
573676
573677
573678
573679
573680
573681
573682
573683
573684
573685
573686
573687
573688
573689
573690
573691
573692
573693
573694
573695
573696
573697
573698
573699
573700
573701
573702
573703
573704
573705
573706
573707
573708
573709
573710
573711
573712
573713
573714
573715
573716
573717
573718
573719
573720
573721
573722
573723
573724
573725
573726
573727
573728
573729
573730
573731
573732
573733
573734
573735
573736
573737
573738
573739
573740
573741
573742
573743
573744
573745
573746
573747
573748
573749
573750
573751
573752
573753
573754
573755
573756
573757
573758
573759
573760
573761
573762
573763
573764
573765
573766
573767
573768
573769
573770
573771
573772
573773
573774
573775
573776
573777
573778
573779
573780
573781
573782
573783
573784
573785
573786
573787
573788
573789
573790
573791
573792
573793
573794
573795
573796
573797
573798
573799
573800
573801
573802
573803
573804
573805
573806
573807
573808
573809
573810
573811
573812
573813
573814
573815
573816
573817
573818
573819
573820
573821
573822
573823
573824
573825
573826
573827
573828
573829
573830
573831
573832
573833
573834
573835
573836
573837
573838
573839
573840
573841
573842
573843
573844
573845
573846
573847
573848
573849
573850
573851
573852
573853
573854
573855
573856
573857
573858
573859
573860
573861
573862
573863
573864
573865
573866
573867
573868
573869
573870
573871
573872
573873
573874
573875
573876
573877
573878
573879
573880
573881
573882
573883
573884
573885
573886
573887
573888
573889
573890
573891
573892
573893
573894
573895
573896
573897
573898
573899
573900
573901
573902
573903
573904
573905
573906
573907
573908
573909
573910
573911
573912
573913
573914
573915
573916
573917
573918
573919
573920
573921
573922
573923
573924
573925
573926
573927
573928
573929
573930
573931
573932
573933
573934
573935
573936
573937
573938
573939
573940
573941
573942
573943
573944
573945
573946
573947
573948
573949
573950
573951
573952
573953
573954
573955
573956
573957
573958
573959
573960
573961
573962
573963
573964
573965
573966
573967
573968
573969
573970
573971
573972
573973
573974
573975
573976
573977
573978
573979
573980
573981
573982
573983
573984
573985
573986
573987
573988
573989
573990
573991
573992
573993
573994
573995
573996
573997
573998
573999
574000
574001
574002
574003
574004
574005
574006
574007
574008
574009
574010
574011
574012
574013
574014
574015
574016
574017
574018
574019
574020
574021
574022
574023
574024
574025
574026
574027
574028
574029
574030
574031
574032
574033
574034
574035
574036
574037
574038
574039
574040
574041
574042
574043
574044
574045
574046
574047
574048
574049
574050
574051
574052
574053
574054
574055
574056
574057
574058
574059
574060
574061
574062
574063
574064
574065
574066
574067
574068
574069
574070
574071
574072
574073
574074
574075
574076
574077
574078
574079
574080
574081
574082
574083
574084
574085
574086
574087
574088
574089
574090
574091
574092
574093
574094
574095
574096
574097
574098
574099
574100
574101
574102
574103
574104
574105
574106
574107
574108
574109
574110
574111
574112
574113
574114
574115
574116
574117
574118
574119
574120
574121
574122
574123
574124
574125
574126
574127
574128
574129
574130
574131
574132
574133
574134
574135
574136
574137
574138
574139
574140
574141
574142
574143
574144
574145
574146
574147
574148
574149
574150
574151
574152
574153
574154
574155
574156
574157
574158
574159
574160
574161
574162
574163
574164
574165
574166
574167
574168
574169
574170
574171
574172
574173
574174
574175
574176
574177
574178
574179
574180
574181
574182
574183
574184
574185
574186
574187
574188
574189
574190
574191
574192
574193
574194
574195
574196
574197
574198
574199
574200
574201
574202
574203
574204
574205
574206
574207
574208
574209
574210
574211
574212
574213
574214
574215
574216
574217
574218
574219
574220
574221
574222
574223
574224
574225
574226
574227
574228
574229
574230
574231
574232
574233
574234
574235
574236
574237
574238
574239
574240
574241
574242
574243
574244
574245
574246
574247
574248
574249
574250
574251
574252
574253
574254
574255
574256
574257
574258
574259
574260
574261
574262
574263
574264
574265
574266
574267
574268
574269
574270
574271
574272
574273
574274
574275
574276
574277
574278
574279
574280
574281
574282
574283
574284
574285
574286
574287
574288
574289
574290
574291
574292
574293
574294
574295
574296
574297
574298
574299
574300
574301
574302
574303
574304
574305
574306
574307
574308
574309
574310
574311
574312
574313
574314
574315
574316
574317
574318
574319
574320
574321
574322
574323
574324
574325
574326
574327
574328
574329
574330
574331
574332
574333
574334
574335
574336
574337
574338
574339
574340
574341
574342
574343
574344
574345
574346
574347
574348
574349
574350
574351
574352
574353
574354
574355
574356
574357
574358
574359
574360
574361
574362
574363
574364
574365
574366
574367
574368
574369
574370
574371
574372
574373
574374
574375
574376
574377
574378
574379
574380
574381
574382
574383
574384
574385
574386
574387
574388
574389
574390
574391
574392
574393
574394
574395
574396
574397
574398
574399
574400
574401
574402
574403
574404
574405
574406
574407
574408
574409
574410
574411
574412
574413
574414
574415
574416
574417
574418
574419
574420
574421
574422
574423
574424
574425
574426
574427
574428
574429
574430
574431
574432
574433
574434
574435
574436
574437
574438
574439
574440
574441
574442
574443
574444
574445
574446
574447
574448
574449
574450
574451
574452
574453
574454
574455
574456
574457
574458
574459
574460
574461
574462
574463
574464
574465
574466
574467
574468
574469
574470
574471
574472
574473
574474
574475
574476
574477
574478
574479
574480
574481
574482
574483
574484
574485
574486
574487
574488
574489
574490
574491
574492
574493
574494
574495
574496
574497
574498
574499
574500
574501
574502
574503
574504
574505
574506
574507
574508
574509
574510
574511
574512
574513
574514
574515
574516
574517
574518
574519
574520
574521
574522
574523
574524
574525
574526
574527
574528
574529
574530
574531
574532
574533
574534
574535
574536
574537
574538
574539
574540
574541
574542
574543
574544
574545
574546
574547
574548
574549
574550
574551
574552
574553
574554
574555
574556
574557
574558
574559
574560
574561
574562
574563
574564
574565
574566
574567
574568
574569
574570
574571
574572
574573
574574
574575
574576
574577
574578
574579
574580
574581
574582
574583
574584
574585
574586
574587
574588
574589
574590
574591
574592
574593
574594
574595
574596
574597
574598
574599
574600
574601
574602
574603
574604
574605
574606
574607
574608
574609
574610
574611
574612
574613
574614
574615
574616
574617
574618
574619
574620
574621
574622
574623
574624
574625
574626
574627
574628
574629
574630
574631
574632
574633
574634
574635
574636
574637
574638
574639
574640
574641
574642
574643
574644
574645
574646
574647
574648
574649
574650
574651
574652
574653
574654
574655
574656
574657
574658
574659
574660
574661
574662
574663
574664
574665
574666
574667
574668
574669
574670
574671
574672
574673
574674
574675
574676
574677
574678
574679
574680
574681
574682
574683
574684
574685
574686
574687
574688
574689
574690
574691
574692
574693
574694
574695
574696
574697
574698
574699
574700
574701
574702
574703
574704
574705
574706
574707
574708
574709
574710
574711
574712
574713
574714
574715
574716
574717
574718
574719
574720
574721
574722
574723
574724
574725
574726
574727
574728
574729
574730
574731
574732
574733
574734
574735
574736
574737
574738
574739
574740
574741
574742
574743
574744
574745
574746
574747
574748
574749
574750
574751
574752
574753
574754
574755
574756
574757
574758
574759
574760
574761
574762
574763
574764
574765
574766
574767
574768
574769
574770
574771
574772
574773
574774
574775
574776
574777
574778
574779
574780
574781
574782
574783
574784
574785
574786
574787
574788
574789
574790
574791
574792
574793
574794
574795
574796
574797
574798
574799
574800
574801
574802
574803
574804
574805
574806
574807
574808
574809
574810
574811
574812
574813
574814
574815
574816
574817
574818
574819
574820
574821
574822
574823
574824
574825
574826
574827
574828
574829
574830
574831
574832
574833
574834
574835
574836
574837
574838
574839
574840
574841
574842
574843
574844
574845
574846
574847
574848
574849
574850
574851
574852
574853
574854
574855
574856
574857
574858
574859
574860
574861
574862
574863
574864
574865
574866
574867
574868
574869
574870
574871
574872
574873
574874
574875
574876
574877
574878
574879
574880
574881
574882
574883
574884
574885
574886
574887
574888
574889
574890
574891
574892
574893
574894
574895
574896
574897
574898
574899
574900
574901
574902
574903
574904
574905
574906
574907
574908
574909
574910
574911
574912
574913
574914
574915
574916
574917
574918
574919
574920
574921
574922
574923
574924
574925
574926
574927
574928
574929
574930
574931
574932
574933
574934
574935
574936
574937
574938
574939
574940
574941
574942
574943
574944
574945
574946
574947
574948
574949
574950
574951
574952
574953
574954
574955
574956
574957
574958
574959
574960
574961
574962
574963
574964
574965
574966
574967
574968
574969
574970
574971
574972
574973
574974
574975
574976
574977
574978
574979
574980
574981
574982
574983
574984
574985
574986
574987
574988
574989
574990
574991
574992
574993
574994
574995
574996
574997
574998
574999
