275000
275001
275002
275003
275004
275005
275006
275007
275008
275009
275010
275011
275012
275013
275014
275015
275016
275017
275018
275019
275020
275021
275022
275023
275024
275025
275026
275027
275028
275029
275030
275031
275032
275033
275034
275035
275036
275037
275038
275039
275040
275041
275042
275043
275044
275045
275046
275047
275048
275049
275050
275051
275052
275053
275054
275055
275056
275057
275058
275059
275060
275061
275062
275063
275064
275065
275066
275067
275068
275069
275070
275071
275072
275073
275074
275075
275076
275077
275078
275079
275080
275081
275082
275083
275084
275085
275086
275087
275088
275089
275090
275091
275092
275093
275094
275095
275096
275097
275098
275099
275100
275101
275102
275103
275104
275105
275106
275107
275108
275109
275110
275111
275112
275113
275114
275115
275116
275117
275118
275119
275120
275121
275122
275123
275124
275125
275126
275127
275128
275129
275130
275131
275132
275133
275134
275135
275136
275137
275138
275139
275140
275141
275142
275143
275144
275145
275146
275147
275148
275149
275150
275151
275152
275153
275154
275155
275156
275157
275158
275159
275160
275161
275162
275163
275164
275165
275166
275167
275168
275169
275170
275171
275172
275173
275174
275175
275176
275177
275178
275179
275180
275181
275182
275183
275184
275185
275186
275187
275188
275189
275190
275191
275192
275193
275194
275195
275196
275197
275198
275199
275200
275201
275202
275203
275204
275205
275206
275207
275208
275209
275210
275211
275212
275213
275214
275215
275216
275217
275218
275219
275220
275221
275222
275223
275224
275225
275226
275227
275228
275229
275230
275231
275232
275233
275234
275235
275236
275237
275238
275239
275240
275241
275242
275243
275244
275245
275246
275247
275248
275249
275250
275251
275252
275253
275254
275255
275256
275257
275258
275259
275260
275261
275262
275263
275264
275265
275266
275267
275268
275269
275270
275271
275272
275273
275274
275275
275276
275277
275278
275279
275280
275281
275282
275283
275284
275285
275286
275287
275288
275289
275290
275291
275292
275293
275294
275295
275296
275297
275298
275299
275300
275301
275302
275303
275304
275305
275306
275307
275308
275309
275310
275311
275312
275313
275314
275315
275316
275317
275318
275319
275320
275321
275322
275323
275324
275325
275326
275327
275328
275329
275330
275331
275332
275333
275334
275335
275336
275337
275338
275339
275340
275341
275342
275343
275344
275345
275346
275347
275348
275349
275350
275351
275352
275353
275354
275355
275356
275357
275358
275359
275360
275361
275362
275363
275364
275365
275366
275367
275368
275369
275370
275371
275372
275373
275374
275375
275376
275377
275378
275379
275380
275381
275382
275383
275384
275385
275386
275387
275388
275389
275390
275391
275392
275393
275394
275395
275396
275397
275398
275399
275400
275401
275402
275403
275404
275405
275406
275407
275408
275409
275410
275411
275412
275413
275414
275415
275416
275417
275418
275419
275420
275421
275422
275423
275424
275425
275426
275427
275428
275429
275430
275431
275432
275433
275434
275435
275436
275437
275438
275439
275440
275441
275442
275443
275444
275445
275446
275447
275448
275449
275450
275451
275452
275453
275454
275455
275456
275457
275458
275459
275460
275461
275462
275463
275464
275465
275466
275467
275468
275469
275470
275471
275472
275473
275474
275475
275476
275477
275478
275479
275480
275481
275482
275483
275484
275485
275486
275487
275488
275489
275490
275491
275492
275493
275494
275495
275496
275497
275498
275499
275500
275501
275502
275503
275504
275505
275506
275507
275508
275509
275510
275511
275512
275513
275514
275515
275516
275517
275518
275519
275520
275521
275522
275523
275524
275525
275526
275527
275528
275529
275530
275531
275532
275533
275534
275535
275536
275537
275538
275539
275540
275541
275542
275543
275544
275545
275546
275547
275548
275549
275550
275551
275552
275553
275554
275555
275556
275557
275558
275559
275560
275561
275562
275563
275564
275565
275566
275567
275568
275569
275570
275571
275572
275573
275574
275575
275576
275577
275578
275579
275580
275581
275582
275583
275584
275585
275586
275587
275588
275589
275590
275591
275592
275593
275594
275595
275596
275597
275598
275599
275600
275601
275602
275603
275604
275605
275606
275607
275608
275609
275610
275611
275612
275613
275614
275615
275616
275617
275618
275619
275620
275621
275622
275623
275624
275625
275626
275627
275628
275629
275630
275631
275632
275633
275634
275635
275636
275637
275638
275639
275640
275641
275642
275643
275644
275645
275646
275647
275648
275649
275650
275651
275652
275653
275654
275655
275656
275657
275658
275659
275660
275661
275662
275663
275664
275665
275666
275667
275668
275669
275670
275671
275672
275673
275674
275675
275676
275677
275678
275679
275680
275681
275682
275683
275684
275685
275686
275687
275688
275689
275690
275691
275692
275693
275694
275695
275696
275697
275698
275699
275700
275701
275702
275703
275704
275705
275706
275707
275708
275709
275710
275711
275712
275713
275714
275715
275716
275717
275718
275719
275720
275721
275722
275723
275724
275725
275726
275727
275728
275729
275730
275731
275732
275733
275734
275735
275736
275737
275738
275739
275740
275741
275742
275743
275744
275745
275746
275747
275748
275749
275750
275751
275752
275753
275754
275755
275756
275757
275758
275759
275760
275761
275762
275763
275764
275765
275766
275767
275768
275769
275770
275771
275772
275773
275774
275775
275776
275777
275778
275779
275780
275781
275782
275783
275784
275785
275786
275787
275788
275789
275790
275791
275792
275793
275794
275795
275796
275797
275798
275799
275800
275801
275802
275803
275804
275805
275806
275807
275808
275809
275810
275811
275812
275813
275814
275815
275816
275817
275818
275819
275820
275821
275822
275823
275824
275825
275826
275827
275828
275829
275830
275831
275832
275833
275834
275835
275836
275837
275838
275839
275840
275841
275842
275843
275844
275845
275846
275847
275848
275849
275850
275851
275852
275853
275854
275855
275856
275857
275858
275859
275860
275861
275862
275863
275864
275865
275866
275867
275868
275869
275870
275871
275872
275873
275874
275875
275876
275877
275878
275879
275880
275881
275882
275883
275884
275885
275886
275887
275888
275889
275890
275891
275892
275893
275894
275895
275896
275897
275898
275899
275900
275901
275902
275903
275904
275905
275906
275907
275908
275909
275910
275911
275912
275913
275914
275915
275916
275917
275918
275919
275920
275921
275922
275923
275924
275925
275926
275927
275928
275929
275930
275931
275932
275933
275934
275935
275936
275937
275938
275939
275940
275941
275942
275943
275944
275945
275946
275947
275948
275949
275950
275951
275952
275953
275954
275955
275956
275957
275958
275959
275960
275961
275962
275963
275964
275965
275966
275967
275968
275969
275970
275971
275972
275973
275974
275975
275976
275977
275978
275979
275980
275981
275982
275983
275984
275985
275986
275987
275988
275989
275990
275991
275992
275993
275994
275995
275996
275997
275998
275999
276000
276001
276002
276003
276004
276005
276006
276007
276008
276009
276010
276011
276012
276013
276014
276015
276016
276017
276018
276019
276020
276021
276022
276023
276024
276025
276026
276027
276028
276029
276030
276031
276032
276033
276034
276035
276036
276037
276038
276039
276040
276041
276042
276043
276044
276045
276046
276047
276048
276049
276050
276051
276052
276053
276054
276055
276056
276057
276058
276059
276060
276061
276062
276063
276064
276065
276066
276067
276068
276069
276070
276071
276072
276073
276074
276075
276076
276077
276078
276079
276080
276081
276082
276083
276084
276085
276086
276087
276088
276089
276090
276091
276092
276093
276094
276095
276096
276097
276098
276099
276100
276101
276102
276103
276104
276105
276106
276107
276108
276109
276110
276111
276112
276113
276114
276115
276116
276117
276118
276119
276120
276121
276122
276123
276124
276125
276126
276127
276128
276129
276130
276131
276132
276133
276134
276135
276136
276137
276138
276139
276140
276141
276142
276143
276144
276145
276146
276147
276148
276149
276150
276151
276152
276153
276154
276155
276156
276157
276158
276159
276160
276161
276162
276163
276164
276165
276166
276167
276168
276169
276170
276171
276172
276173
276174
276175
276176
276177
276178
276179
276180
276181
276182
276183
276184
276185
276186
276187
276188
276189
276190
276191
276192
276193
276194
276195
276196
276197
276198
276199
276200
276201
276202
276203
276204
276205
276206
276207
276208
276209
276210
276211
276212
276213
276214
276215
276216
276217
276218
276219
276220
276221
276222
276223
276224
276225
276226
276227
276228
276229
276230
276231
276232
276233
276234
276235
276236
276237
276238
276239
276240
276241
276242
276243
276244
276245
276246
276247
276248
276249
276250
276251
276252
276253
276254
276255
276256
276257
276258
276259
276260
276261
276262
276263
276264
276265
276266
276267
276268
276269
276270
276271
276272
276273
276274
276275
276276
276277
276278
276279
276280
276281
276282
276283
276284
276285
276286
276287
276288
276289
276290
276291
276292
276293
276294
276295
276296
276297
276298
276299
276300
276301
276302
276303
276304
276305
276306
276307
276308
276309
276310
276311
276312
276313
276314
276315
276316
276317
276318
276319
276320
276321
276322
276323
276324
276325
276326
276327
276328
276329
276330
276331
276332
276333
276334
276335
276336
276337
276338
276339
276340
276341
276342
276343
276344
276345
276346
276347
276348
276349
276350
276351
276352
276353
276354
276355
276356
276357
276358
276359
276360
276361
276362
276363
276364
276365
276366
276367
276368
276369
276370
276371
276372
276373
276374
276375
276376
276377
276378
276379
276380
276381
276382
276383
276384
276385
276386
276387
276388
276389
276390
276391
276392
276393
276394
276395
276396
276397
276398
276399
276400
276401
276402
276403
276404
276405
276406
276407
276408
276409
276410
276411
276412
276413
276414
276415
276416
276417
276418
276419
276420
276421
276422
276423
276424
276425
276426
276427
276428
276429
276430
276431
276432
276433
276434
276435
276436
276437
276438
276439
276440
276441
276442
276443
276444
276445
276446
276447
276448
276449
276450
276451
276452
276453
276454
276455
276456
276457
276458
276459
276460
276461
276462
276463
276464
276465
276466
276467
276468
276469
276470
276471
276472
276473
276474
276475
276476
276477
276478
276479
276480
276481
276482
276483
276484
276485
276486
276487
276488
276489
276490
276491
276492
276493
276494
276495
276496
276497
276498
276499
276500
276501
276502
276503
276504
276505
276506
276507
276508
276509
276510
276511
276512
276513
276514
276515
276516
276517
276518
276519
276520
276521
276522
276523
276524
276525
276526
276527
276528
276529
276530
276531
276532
276533
276534
276535
276536
276537
276538
276539
276540
276541
276542
276543
276544
276545
276546
276547
276548
276549
276550
276551
276552
276553
276554
276555
276556
276557
276558
276559
276560
276561
276562
276563
276564
276565
276566
276567
276568
276569
276570
276571
276572
276573
276574
276575
276576
276577
276578
276579
276580
276581
276582
276583
276584
276585
276586
276587
276588
276589
276590
276591
276592
276593
276594
276595
276596
276597
276598
276599
276600
276601
276602
276603
276604
276605
276606
276607
276608
276609
276610
276611
276612
276613
276614
276615
276616
276617
276618
276619
276620
276621
276622
276623
276624
276625
276626
276627
276628
276629
276630
276631
276632
276633
276634
276635
276636
276637
276638
276639
276640
276641
276642
276643
276644
276645
276646
276647
276648
276649
276650
276651
276652
276653
276654
276655
276656
276657
276658
276659
276660
276661
276662
276663
276664
276665
276666
276667
276668
276669
276670
276671
276672
276673
276674
276675
276676
276677
276678
276679
276680
276681
276682
276683
276684
276685
276686
276687
276688
276689
276690
276691
276692
276693
276694
276695
276696
276697
276698
276699
276700
276701
276702
276703
276704
276705
276706
276707
276708
276709
276710
276711
276712
276713
276714
276715
276716
276717
276718
276719
276720
276721
276722
276723
276724
276725
276726
276727
276728
276729
276730
276731
276732
276733
276734
276735
276736
276737
276738
276739
276740
276741
276742
276743
276744
276745
276746
276747
276748
276749
276750
276751
276752
276753
276754
276755
276756
276757
276758
276759
276760
276761
276762
276763
276764
276765
276766
276767
276768
276769
276770
276771
276772
276773
276774
276775
276776
276777
276778
276779
276780
276781
276782
276783
276784
276785
276786
276787
276788
276789
276790
276791
276792
276793
276794
276795
276796
276797
276798
276799
276800
276801
276802
276803
276804
276805
276806
276807
276808
276809
276810
276811
276812
276813
276814
276815
276816
276817
276818
276819
276820
276821
276822
276823
276824
276825
276826
276827
276828
276829
276830
276831
276832
276833
276834
276835
276836
276837
276838
276839
276840
276841
276842
276843
276844
276845
276846
276847
276848
276849
276850
276851
276852
276853
276854
276855
276856
276857
276858
276859
276860
276861
276862
276863
276864
276865
276866
276867
276868
276869
276870
276871
276872
276873
276874
276875
276876
276877
276878
276879
276880
276881
276882
276883
276884
276885
276886
276887
276888
276889
276890
276891
276892
276893
276894
276895
276896
276897
276898
276899
276900
276901
276902
276903
276904
276905
276906
276907
276908
276909
276910
276911
276912
276913
276914
276915
276916
276917
276918
276919
276920
276921
276922
276923
276924
276925
276926
276927
276928
276929
276930
276931
276932
276933
276934
276935
276936
276937
276938
276939
276940
276941
276942
276943
276944
276945
276946
276947
276948
276949
276950
276951
276952
276953
276954
276955
276956
276957
276958
276959
276960
276961
276962
276963
276964
276965
276966
276967
276968
276969
276970
276971
276972
276973
276974
276975
276976
276977
276978
276979
276980
276981
276982
276983
276984
276985
276986
276987
276988
276989
276990
276991
276992
276993
276994
276995
276996
276997
276998
276999
277000
277001
277002
277003
277004
277005
277006
277007
277008
277009
277010
277011
277012
277013
277014
277015
277016
277017
277018
277019
277020
277021
277022
277023
277024
277025
277026
277027
277028
277029
277030
277031
277032
277033
277034
277035
277036
277037
277038
277039
277040
277041
277042
277043
277044
277045
277046
277047
277048
277049
277050
277051
277052
277053
277054
277055
277056
277057
277058
277059
277060
277061
277062
277063
277064
277065
277066
277067
277068
277069
277070
277071
277072
277073
277074
277075
277076
277077
277078
277079
277080
277081
277082
277083
277084
277085
277086
277087
277088
277089
277090
277091
277092
277093
277094
277095
277096
277097
277098
277099
277100
277101
277102
277103
277104
277105
277106
277107
277108
277109
277110
277111
277112
277113
277114
277115
277116
277117
277118
277119
277120
277121
277122
277123
277124
277125
277126
277127
277128
277129
277130
277131
277132
277133
277134
277135
277136
277137
277138
277139
277140
277141
277142
277143
277144
277145
277146
277147
277148
277149
277150
277151
277152
277153
277154
277155
277156
277157
277158
277159
277160
277161
277162
277163
277164
277165
277166
277167
277168
277169
277170
277171
277172
277173
277174
277175
277176
277177
277178
277179
277180
277181
277182
277183
277184
277185
277186
277187
277188
277189
277190
277191
277192
277193
277194
277195
277196
277197
277198
277199
277200
277201
277202
277203
277204
277205
277206
277207
277208
277209
277210
277211
277212
277213
277214
277215
277216
277217
277218
277219
277220
277221
277222
277223
277224
277225
277226
277227
277228
277229
277230
277231
277232
277233
277234
277235
277236
277237
277238
277239
277240
277241
277242
277243
277244
277245
277246
277247
277248
277249
277250
277251
277252
277253
277254
277255
277256
277257
277258
277259
277260
277261
277262
277263
277264
277265
277266
277267
277268
277269
277270
277271
277272
277273
277274
277275
277276
277277
277278
277279
277280
277281
277282
277283
277284
277285
277286
277287
277288
277289
277290
277291
277292
277293
277294
277295
277296
277297
277298
277299
277300
277301
277302
277303
277304
277305
277306
277307
277308
277309
277310
277311
277312
277313
277314
277315
277316
277317
277318
277319
277320
277321
277322
277323
277324
277325
277326
277327
277328
277329
277330
277331
277332
277333
277334
277335
277336
277337
277338
277339
277340
277341
277342
277343
277344
277345
277346
277347
277348
277349
277350
277351
277352
277353
277354
277355
277356
277357
277358
277359
277360
277361
277362
277363
277364
277365
277366
277367
277368
277369
277370
277371
277372
277373
277374
277375
277376
277377
277378
277379
277380
277381
277382
277383
277384
277385
277386
277387
277388
277389
277390
277391
277392
277393
277394
277395
277396
277397
277398
277399
277400
277401
277402
277403
277404
277405
277406
277407
277408
277409
277410
277411
277412
277413
277414
277415
277416
277417
277418
277419
277420
277421
277422
277423
277424
277425
277426
277427
277428
277429
277430
277431
277432
277433
277434
277435
277436
277437
277438
277439
277440
277441
277442
277443
277444
277445
277446
277447
277448
277449
277450
277451
277452
277453
277454
277455
277456
277457
277458
277459
277460
277461
277462
277463
277464
277465
277466
277467
277468
277469
277470
277471
277472
277473
277474
277475
277476
277477
277478
277479
277480
277481
277482
277483
277484
277485
277486
277487
277488
277489
277490
277491
277492
277493
277494
277495
277496
277497
277498
277499
277500
277501
277502
277503
277504
277505
277506
277507
277508
277509
277510
277511
277512
277513
277514
277515
277516
277517
277518
277519
277520
277521
277522
277523
277524
277525
277526
277527
277528
277529
277530
277531
277532
277533
277534
277535
277536
277537
277538
277539
277540
277541
277542
277543
277544
277545
277546
277547
277548
277549
277550
277551
277552
277553
277554
277555
277556
277557
277558
277559
277560
277561
277562
277563
277564
277565
277566
277567
277568
277569
277570
277571
277572
277573
277574
277575
277576
277577
277578
277579
277580
277581
277582
277583
277584
277585
277586
277587
277588
277589
277590
277591
277592
277593
277594
277595
277596
277597
277598
277599
277600
277601
277602
277603
277604
277605
277606
277607
277608
277609
277610
277611
277612
277613
277614
277615
277616
277617
277618
277619
277620
277621
277622
277623
277624
277625
277626
277627
277628
277629
277630
277631
277632
277633
277634
277635
277636
277637
277638
277639
277640
277641
277642
277643
277644
277645
277646
277647
277648
277649
277650
277651
277652
277653
277654
277655
277656
277657
277658
277659
277660
277661
277662
277663
277664
277665
277666
277667
277668
277669
277670
277671
277672
277673
277674
277675
277676
277677
277678
277679
277680
277681
277682
277683
277684
277685
277686
277687
277688
277689
277690
277691
277692
277693
277694
277695
277696
277697
277698
277699
277700
277701
277702
277703
277704
277705
277706
277707
277708
277709
277710
277711
277712
277713
277714
277715
277716
277717
277718
277719
277720
277721
277722
277723
277724
277725
277726
277727
277728
277729
277730
277731
277732
277733
277734
277735
277736
277737
277738
277739
277740
277741
277742
277743
277744
277745
277746
277747
277748
277749
277750
277751
277752
277753
277754
277755
277756
277757
277758
277759
277760
277761
277762
277763
277764
277765
277766
277767
277768
277769
277770
277771
277772
277773
277774
277775
277776
277777
277778
277779
277780
277781
277782
277783
277784
277785
277786
277787
277788
277789
277790
277791
277792
277793
277794
277795
277796
277797
277798
277799
277800
277801
277802
277803
277804
277805
277806
277807
277808
277809
277810
277811
277812
277813
277814
277815
277816
277817
277818
277819
277820
277821
277822
277823
277824
277825
277826
277827
277828
277829
277830
277831
277832
277833
277834
277835
277836
277837
277838
277839
277840
277841
277842
277843
277844
277845
277846
277847
277848
277849
277850
277851
277852
277853
277854
277855
277856
277857
277858
277859
277860
277861
277862
277863
277864
277865
277866
277867
277868
277869
277870
277871
277872
277873
277874
277875
277876
277877
277878
277879
277880
277881
277882
277883
277884
277885
277886
277887
277888
277889
277890
277891
277892
277893
277894
277895
277896
277897
277898
277899
277900
277901
277902
277903
277904
277905
277906
277907
277908
277909
277910
277911
277912
277913
277914
277915
277916
277917
277918
277919
277920
277921
277922
277923
277924
277925
277926
277927
277928
277929
277930
277931
277932
277933
277934
277935
277936
277937
277938
277939
277940
277941
277942
277943
277944
277945
277946
277947
277948
277949
277950
277951
277952
277953
277954
277955
277956
277957
277958
277959
277960
277961
277962
277963
277964
277965
277966
277967
277968
277969
277970
277971
277972
277973
277974
277975
277976
277977
277978
277979
277980
277981
277982
277983
277984
277985
277986
277987
277988
277989
277990
277991
277992
277993
277994
277995
277996
277997
277998
277999
278000
278001
278002
278003
278004
278005
278006
278007
278008
278009
278010
278011
278012
278013
278014
278015
278016
278017
278018
278019
278020
278021
278022
278023
278024
278025
278026
278027
278028
278029
278030
278031
278032
278033
278034
278035
278036
278037
278038
278039
278040
278041
278042
278043
278044
278045
278046
278047
278048
278049
278050
278051
278052
278053
278054
278055
278056
278057
278058
278059
278060
278061
278062
278063
278064
278065
278066
278067
278068
278069
278070
278071
278072
278073
278074
278075
278076
278077
278078
278079
278080
278081
278082
278083
278084
278085
278086
278087
278088
278089
278090
278091
278092
278093
278094
278095
278096
278097
278098
278099
278100
278101
278102
278103
278104
278105
278106
278107
278108
278109
278110
278111
278112
278113
278114
278115
278116
278117
278118
278119
278120
278121
278122
278123
278124
278125
278126
278127
278128
278129
278130
278131
278132
278133
278134
278135
278136
278137
278138
278139
278140
278141
278142
278143
278144
278145
278146
278147
278148
278149
278150
278151
278152
278153
278154
278155
278156
278157
278158
278159
278160
278161
278162
278163
278164
278165
278166
278167
278168
278169
278170
278171
278172
278173
278174
278175
278176
278177
278178
278179
278180
278181
278182
278183
278184
278185
278186
278187
278188
278189
278190
278191
278192
278193
278194
278195
278196
278197
278198
278199
278200
278201
278202
278203
278204
278205
278206
278207
278208
278209
278210
278211
278212
278213
278214
278215
278216
278217
278218
278219
278220
278221
278222
278223
278224
278225
278226
278227
278228
278229
278230
278231
278232
278233
278234
278235
278236
278237
278238
278239
278240
278241
278242
278243
278244
278245
278246
278247
278248
278249
278250
278251
278252
278253
278254
278255
278256
278257
278258
278259
278260
278261
278262
278263
278264
278265
278266
278267
278268
278269
278270
278271
278272
278273
278274
278275
278276
278277
278278
278279
278280
278281
278282
278283
278284
278285
278286
278287
278288
278289
278290
278291
278292
278293
278294
278295
278296
278297
278298
278299
278300
278301
278302
278303
278304
278305
278306
278307
278308
278309
278310
278311
278312
278313
278314
278315
278316
278317
278318
278319
278320
278321
278322
278323
278324
278325
278326
278327
278328
278329
278330
278331
278332
278333
278334
278335
278336
278337
278338
278339
278340
278341
278342
278343
278344
278345
278346
278347
278348
278349
278350
278351
278352
278353
278354
278355
278356
278357
278358
278359
278360
278361
278362
278363
278364
278365
278366
278367
278368
278369
278370
278371
278372
278373
278374
278375
278376
278377
278378
278379
278380
278381
278382
278383
278384
278385
278386
278387
278388
278389
278390
278391
278392
278393
278394
278395
278396
278397
278398
278399
278400
278401
278402
278403
278404
278405
278406
278407
278408
278409
278410
278411
278412
278413
278414
278415
278416
278417
278418
278419
278420
278421
278422
278423
278424
278425
278426
278427
278428
278429
278430
278431
278432
278433
278434
278435
278436
278437
278438
278439
278440
278441
278442
278443
278444
278445
278446
278447
278448
278449
278450
278451
278452
278453
278454
278455
278456
278457
278458
278459
278460
278461
278462
278463
278464
278465
278466
278467
278468
278469
278470
278471
278472
278473
278474
278475
278476
278477
278478
278479
278480
278481
278482
278483
278484
278485
278486
278487
278488
278489
278490
278491
278492
278493
278494
278495
278496
278497
278498
278499
278500
278501
278502
278503
278504
278505
278506
278507
278508
278509
278510
278511
278512
278513
278514
278515
278516
278517
278518
278519
278520
278521
278522
278523
278524
278525
278526
278527
278528
278529
278530
278531
278532
278533
278534
278535
278536
278537
278538
278539
278540
278541
278542
278543
278544
278545
278546
278547
278548
278549
278550
278551
278552
278553
278554
278555
278556
278557
278558
278559
278560
278561
278562
278563
278564
278565
278566
278567
278568
278569
278570
278571
278572
278573
278574
278575
278576
278577
278578
278579
278580
278581
278582
278583
278584
278585
278586
278587
278588
278589
278590
278591
278592
278593
278594
278595
278596
278597
278598
278599
278600
278601
278602
278603
278604
278605
278606
278607
278608
278609
278610
278611
278612
278613
278614
278615
278616
278617
278618
278619
278620
278621
278622
278623
278624
278625
278626
278627
278628
278629
278630
278631
278632
278633
278634
278635
278636
278637
278638
278639
278640
278641
278642
278643
278644
278645
278646
278647
278648
278649
278650
278651
278652
278653
278654
278655
278656
278657
278658
278659
278660
278661
278662
278663
278664
278665
278666
278667
278668
278669
278670
278671
278672
278673
278674
278675
278676
278677
278678
278679
278680
278681
278682
278683
278684
278685
278686
278687
278688
278689
278690
278691
278692
278693
278694
278695
278696
278697
278698
278699
278700
278701
278702
278703
278704
278705
278706
278707
278708
278709
278710
278711
278712
278713
278714
278715
278716
278717
278718
278719
278720
278721
278722
278723
278724
278725
278726
278727
278728
278729
278730
278731
278732
278733
278734
278735
278736
278737
278738
278739
278740
278741
278742
278743
278744
278745
278746
278747
278748
278749
278750
278751
278752
278753
278754
278755
278756
278757
278758
278759
278760
278761
278762
278763
278764
278765
278766
278767
278768
278769
278770
278771
278772
278773
278774
278775
278776
278777
278778
278779
278780
278781
278782
278783
278784
278785
278786
278787
278788
278789
278790
278791
278792
278793
278794
278795
278796
278797
278798
278799
278800
278801
278802
278803
278804
278805
278806
278807
278808
278809
278810
278811
278812
278813
278814
278815
278816
278817
278818
278819
278820
278821
278822
278823
278824
278825
278826
278827
278828
278829
278830
278831
278832
278833
278834
278835
278836
278837
278838
278839
278840
278841
278842
278843
278844
278845
278846
278847
278848
278849
278850
278851
278852
278853
278854
278855
278856
278857
278858
278859
278860
278861
278862
278863
278864
278865
278866
278867
278868
278869
278870
278871
278872
278873
278874
278875
278876
278877
278878
278879
278880
278881
278882
278883
278884
278885
278886
278887
278888
278889
278890
278891
278892
278893
278894
278895
278896
278897
278898
278899
278900
278901
278902
278903
278904
278905
278906
278907
278908
278909
278910
278911
278912
278913
278914
278915
278916
278917
278918
278919
278920
278921
278922
278923
278924
278925
278926
278927
278928
278929
278930
278931
278932
278933
278934
278935
278936
278937
278938
278939
278940
278941
278942
278943
278944
278945
278946
278947
278948
278949
278950
278951
278952
278953
278954
278955
278956
278957
278958
278959
278960
278961
278962
278963
278964
278965
278966
278967
278968
278969
278970
278971
278972
278973
278974
278975
278976
278977
278978
278979
278980
278981
278982
278983
278984
278985
278986
278987
278988
278989
278990
278991
278992
278993
278994
278995
278996
278997
278998
278999
279000
279001
279002
279003
279004
279005
279006
279007
279008
279009
279010
279011
279012
279013
279014
279015
279016
279017
279018
279019
279020
279021
279022
279023
279024
279025
279026
279027
279028
279029
279030
279031
279032
279033
279034
279035
279036
279037
279038
279039
279040
279041
279042
279043
279044
279045
279046
279047
279048
279049
279050
279051
279052
279053
279054
279055
279056
279057
279058
279059
279060
279061
279062
279063
279064
279065
279066
279067
279068
279069
279070
279071
279072
279073
279074
279075
279076
279077
279078
279079
279080
279081
279082
279083
279084
279085
279086
279087
279088
279089
279090
279091
279092
279093
279094
279095
279096
279097
279098
279099
279100
279101
279102
279103
279104
279105
279106
279107
279108
279109
279110
279111
279112
279113
279114
279115
279116
279117
279118
279119
279120
279121
279122
279123
279124
279125
279126
279127
279128
279129
279130
279131
279132
279133
279134
279135
279136
279137
279138
279139
279140
279141
279142
279143
279144
279145
279146
279147
279148
279149
279150
279151
279152
279153
279154
279155
279156
279157
279158
279159
279160
279161
279162
279163
279164
279165
279166
279167
279168
279169
279170
279171
279172
279173
279174
279175
279176
279177
279178
279179
279180
279181
279182
279183
279184
279185
279186
279187
279188
279189
279190
279191
279192
279193
279194
279195
279196
279197
279198
279199
279200
279201
279202
279203
279204
279205
279206
279207
279208
279209
279210
279211
279212
279213
279214
279215
279216
279217
279218
279219
279220
279221
279222
279223
279224
279225
279226
279227
279228
279229
279230
279231
279232
279233
279234
279235
279236
279237
279238
279239
279240
279241
279242
279243
279244
279245
279246
279247
279248
279249
279250
279251
279252
279253
279254
279255
279256
279257
279258
279259
279260
279261
279262
279263
279264
279265
279266
279267
279268
279269
279270
279271
279272
279273
279274
279275
279276
279277
279278
279279
279280
279281
279282
279283
279284
279285
279286
279287
279288
279289
279290
279291
279292
279293
279294
279295
279296
279297
279298
279299
279300
279301
279302
279303
279304
279305
279306
279307
279308
279309
279310
279311
279312
279313
279314
279315
279316
279317
279318
279319
279320
279321
279322
279323
279324
279325
279326
279327
279328
279329
279330
279331
279332
279333
279334
279335
279336
279337
279338
279339
279340
279341
279342
279343
279344
279345
279346
279347
279348
279349
279350
279351
279352
279353
279354
279355
279356
279357
279358
279359
279360
279361
279362
279363
279364
279365
279366
279367
279368
279369
279370
279371
279372
279373
279374
279375
279376
279377
279378
279379
279380
279381
279382
279383
279384
279385
279386
279387
279388
279389
279390
279391
279392
279393
279394
279395
279396
279397
279398
279399
279400
279401
279402
279403
279404
279405
279406
279407
279408
279409
279410
279411
279412
279413
279414
279415
279416
279417
279418
279419
279420
279421
279422
279423
279424
279425
279426
279427
279428
279429
279430
279431
279432
279433
279434
279435
279436
279437
279438
279439
279440
279441
279442
279443
279444
279445
279446
279447
279448
279449
279450
279451
279452
279453
279454
279455
279456
279457
279458
279459
279460
279461
279462
279463
279464
279465
279466
279467
279468
279469
279470
279471
279472
279473
279474
279475
279476
279477
279478
279479
279480
279481
279482
279483
279484
279485
279486
279487
279488
279489
279490
279491
279492
279493
279494
279495
279496
279497
279498
279499
279500
279501
279502
279503
279504
279505
279506
279507
279508
279509
279510
279511
279512
279513
279514
279515
279516
279517
279518
279519
279520
279521
279522
279523
279524
279525
279526
279527
279528
279529
279530
279531
279532
279533
279534
279535
279536
279537
279538
279539
279540
279541
279542
279543
279544
279545
279546
279547
279548
279549
279550
279551
279552
279553
279554
279555
279556
279557
279558
279559
279560
279561
279562
279563
279564
279565
279566
279567
279568
279569
279570
279571
279572
279573
279574
279575
279576
279577
279578
279579
279580
279581
279582
279583
279584
279585
279586
279587
279588
279589
279590
279591
279592
279593
279594
279595
279596
279597
279598
279599
279600
279601
279602
279603
279604
279605
279606
279607
279608
279609
279610
279611
279612
279613
279614
279615
279616
279617
279618
279619
279620
279621
279622
279623
279624
279625
279626
279627
279628
279629
279630
279631
279632
279633
279634
279635
279636
279637
279638
279639
279640
279641
279642
279643
279644
279645
279646
279647
279648
279649
279650
279651
279652
279653
279654
279655
279656
279657
279658
279659
279660
279661
279662
279663
279664
279665
279666
279667
279668
279669
279670
279671
279672
279673
279674
279675
279676
279677
279678
279679
279680
279681
279682
279683
279684
279685
279686
279687
279688
279689
279690
279691
279692
279693
279694
279695
279696
279697
279698
279699
279700
279701
279702
279703
279704
279705
279706
279707
279708
279709
279710
279711
279712
279713
279714
279715
279716
279717
279718
279719
279720
279721
279722
279723
279724
279725
279726
279727
279728
279729
279730
279731
279732
279733
279734
279735
279736
279737
279738
279739
279740
279741
279742
279743
279744
279745
279746
279747
279748
279749
279750
279751
279752
279753
279754
279755
279756
279757
279758
279759
279760
279761
279762
279763
279764
279765
279766
279767
279768
279769
279770
279771
279772
279773
279774
279775
279776
279777
279778
279779
279780
279781
279782
279783
279784
279785
279786
279787
279788
279789
279790
279791
279792
279793
279794
279795
279796
279797
279798
279799
279800
279801
279802
279803
279804
279805
279806
279807
279808
279809
279810
279811
279812
279813
279814
279815
279816
279817
279818
279819
279820
279821
279822
279823
279824
279825
279826
279827
279828
279829
279830
279831
279832
279833
279834
279835
279836
279837
279838
279839
279840
279841
279842
279843
279844
279845
279846
279847
279848
279849
279850
279851
279852
279853
279854
279855
279856
279857
279858
279859
279860
279861
279862
279863
279864
279865
279866
279867
279868
279869
279870
279871
279872
279873
279874
279875
279876
279877
279878
279879
279880
279881
279882
279883
279884
279885
279886
279887
279888
279889
279890
279891
279892
279893
279894
279895
279896
279897
279898
279899
279900
279901
279902
279903
279904
279905
279906
279907
279908
279909
279910
279911
279912
279913
279914
279915
279916
279917
279918
279919
279920
279921
279922
279923
279924
279925
279926
279927
279928
279929
279930
279931
279932
279933
279934
279935
279936
279937
279938
279939
279940
279941
279942
279943
279944
279945
279946
279947
279948
279949
279950
279951
279952
279953
279954
279955
279956
279957
279958
279959
279960
279961
279962
279963
279964
279965
279966
279967
279968
279969
279970
279971
279972
279973
279974
279975
279976
279977
279978
279979
279980
279981
279982
279983
279984
279985
279986
279987
279988
279989
279990
279991
279992
279993
279994
279995
279996
279997
279998
279999
