295000
295001
295002
295003
295004
295005
295006
295007
295008
295009
295010
295011
295012
295013
295014
295015
295016
295017
295018
295019
295020
295021
295022
295023
295024
295025
295026
295027
295028
295029
295030
295031
295032
295033
295034
295035
295036
295037
295038
295039
295040
295041
295042
295043
295044
295045
295046
295047
295048
295049
295050
295051
295052
295053
295054
295055
295056
295057
295058
295059
295060
295061
295062
295063
295064
295065
295066
295067
295068
295069
295070
295071
295072
295073
295074
295075
295076
295077
295078
295079
295080
295081
295082
295083
295084
295085
295086
295087
295088
295089
295090
295091
295092
295093
295094
295095
295096
295097
295098
295099
295100
295101
295102
295103
295104
295105
295106
295107
295108
295109
295110
295111
295112
295113
295114
295115
295116
295117
295118
295119
295120
295121
295122
295123
295124
295125
295126
295127
295128
295129
295130
295131
295132
295133
295134
295135
295136
295137
295138
295139
295140
295141
295142
295143
295144
295145
295146
295147
295148
295149
295150
295151
295152
295153
295154
295155
295156
295157
295158
295159
295160
295161
295162
295163
295164
295165
295166
295167
295168
295169
295170
295171
295172
295173
295174
295175
295176
295177
295178
295179
295180
295181
295182
295183
295184
295185
295186
295187
295188
295189
295190
295191
295192
295193
295194
295195
295196
295197
295198
295199
295200
295201
295202
295203
295204
295205
295206
295207
295208
295209
295210
295211
295212
295213
295214
295215
295216
295217
295218
295219
295220
295221
295222
295223
295224
295225
295226
295227
295228
295229
295230
295231
295232
295233
295234
295235
295236
295237
295238
295239
295240
295241
295242
295243
295244
295245
295246
295247
295248
295249
295250
295251
295252
295253
295254
295255
295256
295257
295258
295259
295260
295261
295262
295263
295264
295265
295266
295267
295268
295269
295270
295271
295272
295273
295274
295275
295276
295277
295278
295279
295280
295281
295282
295283
295284
295285
295286
295287
295288
295289
295290
295291
295292
295293
295294
295295
295296
295297
295298
295299
295300
295301
295302
295303
295304
295305
295306
295307
295308
295309
295310
295311
295312
295313
295314
295315
295316
295317
295318
295319
295320
295321
295322
295323
295324
295325
295326
295327
295328
295329
295330
295331
295332
295333
295334
295335
295336
295337
295338
295339
295340
295341
295342
295343
295344
295345
295346
295347
295348
295349
295350
295351
295352
295353
295354
295355
295356
295357
295358
295359
295360
295361
295362
295363
295364
295365
295366
295367
295368
295369
295370
295371
295372
295373
295374
295375
295376
295377
295378
295379
295380
295381
295382
295383
295384
295385
295386
295387
295388
295389
295390
295391
295392
295393
295394
295395
295396
295397
295398
295399
295400
295401
295402
295403
295404
295405
295406
295407
295408
295409
295410
295411
295412
295413
295414
295415
295416
295417
295418
295419
295420
295421
295422
295423
295424
295425
295426
295427
295428
295429
295430
295431
295432
295433
295434
295435
295436
295437
295438
295439
295440
295441
295442
295443
295444
295445
295446
295447
295448
295449
295450
295451
295452
295453
295454
295455
295456
295457
295458
295459
295460
295461
295462
295463
295464
295465
295466
295467
295468
295469
295470
295471
295472
295473
295474
295475
295476
295477
295478
295479
295480
295481
295482
295483
295484
295485
295486
295487
295488
295489
295490
295491
295492
295493
295494
295495
295496
295497
295498
295499
295500
295501
295502
295503
295504
295505
295506
295507
295508
295509
295510
295511
295512
295513
295514
295515
295516
295517
295518
295519
295520
295521
295522
295523
295524
295525
295526
295527
295528
295529
295530
295531
295532
295533
295534
295535
295536
295537
295538
295539
295540
295541
295542
295543
295544
295545
295546
295547
295548
295549
295550
295551
295552
295553
295554
295555
295556
295557
295558
295559
295560
295561
295562
295563
295564
295565
295566
295567
295568
295569
295570
295571
295572
295573
295574
295575
295576
295577
295578
295579
295580
295581
295582
295583
295584
295585
295586
295587
295588
295589
295590
295591
295592
295593
295594
295595
295596
295597
295598
295599
295600
295601
295602
295603
295604
295605
295606
295607
295608
295609
295610
295611
295612
295613
295614
295615
295616
295617
295618
295619
295620
295621
295622
295623
295624
295625
295626
295627
295628
295629
295630
295631
295632
295633
295634
295635
295636
295637
295638
295639
295640
295641
295642
295643
295644
295645
295646
295647
295648
295649
295650
295651
295652
295653
295654
295655
295656
295657
295658
295659
295660
295661
295662
295663
295664
295665
295666
295667
295668
295669
295670
295671
295672
295673
295674
295675
295676
295677
295678
295679
295680
295681
295682
295683
295684
295685
295686
295687
295688
295689
295690
295691
295692
295693
295694
295695
295696
295697
295698
295699
295700
295701
295702
295703
295704
295705
295706
295707
295708
295709
295710
295711
295712
295713
295714
295715
295716
295717
295718
295719
295720
295721
295722
295723
295724
295725
295726
295727
295728
295729
295730
295731
295732
295733
295734
295735
295736
295737
295738
295739
295740
295741
295742
295743
295744
295745
295746
295747
295748
295749
295750
295751
295752
295753
295754
295755
295756
295757
295758
295759
295760
295761
295762
295763
295764
295765
295766
295767
295768
295769
295770
295771
295772
295773
295774
295775
295776
295777
295778
295779
295780
295781
295782
295783
295784
295785
295786
295787
295788
295789
295790
295791
295792
295793
295794
295795
295796
295797
295798
295799
295800
295801
295802
295803
295804
295805
295806
295807
295808
295809
295810
295811
295812
295813
295814
295815
295816
295817
295818
295819
295820
295821
295822
295823
295824
295825
295826
295827
295828
295829
295830
295831
295832
295833
295834
295835
295836
295837
295838
295839
295840
295841
295842
295843
295844
295845
295846
295847
295848
295849
295850
295851
295852
295853
295854
295855
295856
295857
295858
295859
295860
295861
295862
295863
295864
295865
295866
295867
295868
295869
295870
295871
295872
295873
295874
295875
295876
295877
295878
295879
295880
295881
295882
295883
295884
295885
295886
295887
295888
295889
295890
295891
295892
295893
295894
295895
295896
295897
295898
295899
295900
295901
295902
295903
295904
295905
295906
295907
295908
295909
295910
295911
295912
295913
295914
295915
295916
295917
295918
295919
295920
295921
295922
295923
295924
295925
295926
295927
295928
295929
295930
295931
295932
295933
295934
295935
295936
295937
295938
295939
295940
295941
295942
295943
295944
295945
295946
295947
295948
295949
295950
295951
295952
295953
295954
295955
295956
295957
295958
295959
295960
295961
295962
295963
295964
295965
295966
295967
295968
295969
295970
295971
295972
295973
295974
295975
295976
295977
295978
295979
295980
295981
295982
295983
295984
295985
295986
295987
295988
295989
295990
295991
295992
295993
295994
295995
295996
295997
295998
295999
296000
296001
296002
296003
296004
296005
296006
296007
296008
296009
296010
296011
296012
296013
296014
296015
296016
296017
296018
296019
296020
296021
296022
296023
296024
296025
296026
296027
296028
296029
296030
296031
296032
296033
296034
296035
296036
296037
296038
296039
296040
296041
296042
296043
296044
296045
296046
296047
296048
296049
296050
296051
296052
296053
296054
296055
296056
296057
296058
296059
296060
296061
296062
296063
296064
296065
296066
296067
296068
296069
296070
296071
296072
296073
296074
296075
296076
296077
296078
296079
296080
296081
296082
296083
296084
296085
296086
296087
296088
296089
296090
296091
296092
296093
296094
296095
296096
296097
296098
296099
296100
296101
296102
296103
296104
296105
296106
296107
296108
296109
296110
296111
296112
296113
296114
296115
296116
296117
296118
296119
296120
296121
296122
296123
296124
296125
296126
296127
296128
296129
296130
296131
296132
296133
296134
296135
296136
296137
296138
296139
296140
296141
296142
296143
296144
296145
296146
296147
296148
296149
296150
296151
296152
296153
296154
296155
296156
296157
296158
296159
296160
296161
296162
296163
296164
296165
296166
296167
296168
296169
296170
296171
296172
296173
296174
296175
296176
296177
296178
296179
296180
296181
296182
296183
296184
296185
296186
296187
296188
296189
296190
296191
296192
296193
296194
296195
296196
296197
296198
296199
296200
296201
296202
296203
296204
296205
296206
296207
296208
296209
296210
296211
296212
296213
296214
296215
296216
296217
296218
296219
296220
296221
296222
296223
296224
296225
296226
296227
296228
296229
296230
296231
296232
296233
296234
296235
296236
296237
296238
296239
296240
296241
296242
296243
296244
296245
296246
296247
296248
296249
296250
296251
296252
296253
296254
296255
296256
296257
296258
296259
296260
296261
296262
296263
296264
296265
296266
296267
296268
296269
296270
296271
296272
296273
296274
296275
296276
296277
296278
296279
296280
296281
296282
296283
296284
296285
296286
296287
296288
296289
296290
296291
296292
296293
296294
296295
296296
296297
296298
296299
296300
296301
296302
296303
296304
296305
296306
296307
296308
296309
296310
296311
296312
296313
296314
296315
296316
296317
296318
296319
296320
296321
296322
296323
296324
296325
296326
296327
296328
296329
296330
296331
296332
296333
296334
296335
296336
296337
296338
296339
296340
296341
296342
296343
296344
296345
296346
296347
296348
296349
296350
296351
296352
296353
296354
296355
296356
296357
296358
296359
296360
296361
296362
296363
296364
296365
296366
296367
296368
296369
296370
296371
296372
296373
296374
296375
296376
296377
296378
296379
296380
296381
296382
296383
296384
296385
296386
296387
296388
296389
296390
296391
296392
296393
296394
296395
296396
296397
296398
296399
296400
296401
296402
296403
296404
296405
296406
296407
296408
296409
296410
296411
296412
296413
296414
296415
296416
296417
296418
296419
296420
296421
296422
296423
296424
296425
296426
296427
296428
296429
296430
296431
296432
296433
296434
296435
296436
296437
296438
296439
296440
296441
296442
296443
296444
296445
296446
296447
296448
296449
296450
296451
296452
296453
296454
296455
296456
296457
296458
296459
296460
296461
296462
296463
296464
296465
296466
296467
296468
296469
296470
296471
296472
296473
296474
296475
296476
296477
296478
296479
296480
296481
296482
296483
296484
296485
296486
296487
296488
296489
296490
296491
296492
296493
296494
296495
296496
296497
296498
296499
296500
296501
296502
296503
296504
296505
296506
296507
296508
296509
296510
296511
296512
296513
296514
296515
296516
296517
296518
296519
296520
296521
296522
296523
296524
296525
296526
296527
296528
296529
296530
296531
296532
296533
296534
296535
296536
296537
296538
296539
296540
296541
296542
296543
296544
296545
296546
296547
296548
296549
296550
296551
296552
296553
296554
296555
296556
296557
296558
296559
296560
296561
296562
296563
296564
296565
296566
296567
296568
296569
296570
296571
296572
296573
296574
296575
296576
296577
296578
296579
296580
296581
296582
296583
296584
296585
296586
296587
296588
296589
296590
296591
296592
296593
296594
296595
296596
296597
296598
296599
296600
296601
296602
296603
296604
296605
296606
296607
296608
296609
296610
296611
296612
296613
296614
296615
296616
296617
296618
296619
296620
296621
296622
296623
296624
296625
296626
296627
296628
296629
296630
296631
296632
296633
296634
296635
296636
296637
296638
296639
296640
296641
296642
296643
296644
296645
296646
296647
296648
296649
296650
296651
296652
296653
296654
296655
296656
296657
296658
296659
296660
296661
296662
296663
296664
296665
296666
296667
296668
296669
296670
296671
296672
296673
296674
296675
296676
296677
296678
296679
296680
296681
296682
296683
296684
296685
296686
296687
296688
296689
296690
296691
296692
296693
296694
296695
296696
296697
296698
296699
296700
296701
296702
296703
296704
296705
296706
296707
296708
296709
296710
296711
296712
296713
296714
296715
296716
296717
296718
296719
296720
296721
296722
296723
296724
296725
296726
296727
296728
296729
296730
296731
296732
296733
296734
296735
296736
296737
296738
296739
296740
296741
296742
296743
296744
296745
296746
296747
296748
296749
296750
296751
296752
296753
296754
296755
296756
296757
296758
296759
296760
296761
296762
296763
296764
296765
296766
296767
296768
296769
296770
296771
296772
296773
296774
296775
296776
296777
296778
296779
296780
296781
296782
296783
296784
296785
296786
296787
296788
296789
296790
296791
296792
296793
296794
296795
296796
296797
296798
296799
296800
296801
296802
296803
296804
296805
296806
296807
296808
296809
296810
296811
296812
296813
296814
296815
296816
296817
296818
296819
296820
296821
296822
296823
296824
296825
296826
296827
296828
296829
296830
296831
296832
296833
296834
296835
296836
296837
296838
296839
296840
296841
296842
296843
296844
296845
296846
296847
296848
296849
296850
296851
296852
296853
296854
296855
296856
296857
296858
296859
296860
296861
296862
296863
296864
296865
296866
296867
296868
296869
296870
296871
296872
296873
296874
296875
296876
296877
296878
296879
296880
296881
296882
296883
296884
296885
296886
296887
296888
296889
296890
296891
296892
296893
296894
296895
296896
296897
296898
296899
296900
296901
296902
296903
296904
296905
296906
296907
296908
296909
296910
296911
296912
296913
296914
296915
296916
296917
296918
296919
296920
296921
296922
296923
296924
296925
296926
296927
296928
296929
296930
296931
296932
296933
296934
296935
296936
296937
296938
296939
296940
296941
296942
296943
296944
296945
296946
296947
296948
296949
296950
296951
296952
296953
296954
296955
296956
296957
296958
296959
296960
296961
296962
296963
296964
296965
296966
296967
296968
296969
296970
296971
296972
296973
296974
296975
296976
296977
296978
296979
296980
296981
296982
296983
296984
296985
296986
296987
296988
296989
296990
296991
296992
296993
296994
296995
296996
296997
296998
296999
297000
297001
297002
297003
297004
297005
297006
297007
297008
297009
297010
297011
297012
297013
297014
297015
297016
297017
297018
297019
297020
297021
297022
297023
297024
297025
297026
297027
297028
297029
297030
297031
297032
297033
297034
297035
297036
297037
297038
297039
297040
297041
297042
297043
297044
297045
297046
297047
297048
297049
297050
297051
297052
297053
297054
297055
297056
297057
297058
297059
297060
297061
297062
297063
297064
297065
297066
297067
297068
297069
297070
297071
297072
297073
297074
297075
297076
297077
297078
297079
297080
297081
297082
297083
297084
297085
297086
297087
297088
297089
297090
297091
297092
297093
297094
297095
297096
297097
297098
297099
297100
297101
297102
297103
297104
297105
297106
297107
297108
297109
297110
297111
297112
297113
297114
297115
297116
297117
297118
297119
297120
297121
297122
297123
297124
297125
297126
297127
297128
297129
297130
297131
297132
297133
297134
297135
297136
297137
297138
297139
297140
297141
297142
297143
297144
297145
297146
297147
297148
297149
297150
297151
297152
297153
297154
297155
297156
297157
297158
297159
297160
297161
297162
297163
297164
297165
297166
297167
297168
297169
297170
297171
297172
297173
297174
297175
297176
297177
297178
297179
297180
297181
297182
297183
297184
297185
297186
297187
297188
297189
297190
297191
297192
297193
297194
297195
297196
297197
297198
297199
297200
297201
297202
297203
297204
297205
297206
297207
297208
297209
297210
297211
297212
297213
297214
297215
297216
297217
297218
297219
297220
297221
297222
297223
297224
297225
297226
297227
297228
297229
297230
297231
297232
297233
297234
297235
297236
297237
297238
297239
297240
297241
297242
297243
297244
297245
297246
297247
297248
297249
297250
297251
297252
297253
297254
297255
297256
297257
297258
297259
297260
297261
297262
297263
297264
297265
297266
297267
297268
297269
297270
297271
297272
297273
297274
297275
297276
297277
297278
297279
297280
297281
297282
297283
297284
297285
297286
297287
297288
297289
297290
297291
297292
297293
297294
297295
297296
297297
297298
297299
297300
297301
297302
297303
297304
297305
297306
297307
297308
297309
297310
297311
297312
297313
297314
297315
297316
297317
297318
297319
297320
297321
297322
297323
297324
297325
297326
297327
297328
297329
297330
297331
297332
297333
297334
297335
297336
297337
297338
297339
297340
297341
297342
297343
297344
297345
297346
297347
297348
297349
297350
297351
297352
297353
297354
297355
297356
297357
297358
297359
297360
297361
297362
297363
297364
297365
297366
297367
297368
297369
297370
297371
297372
297373
297374
297375
297376
297377
297378
297379
297380
297381
297382
297383
297384
297385
297386
297387
297388
297389
297390
297391
297392
297393
297394
297395
297396
297397
297398
297399
297400
297401
297402
297403
297404
297405
297406
297407
297408
297409
297410
297411
297412
297413
297414
297415
297416
297417
297418
297419
297420
297421
297422
297423
297424
297425
297426
297427
297428
297429
297430
297431
297432
297433
297434
297435
297436
297437
297438
297439
297440
297441
297442
297443
297444
297445
297446
297447
297448
297449
297450
297451
297452
297453
297454
297455
297456
297457
297458
297459
297460
297461
297462
297463
297464
297465
297466
297467
297468
297469
297470
297471
297472
297473
297474
297475
297476
297477
297478
297479
297480
297481
297482
297483
297484
297485
297486
297487
297488
297489
297490
297491
297492
297493
297494
297495
297496
297497
297498
297499
297500
297501
297502
297503
297504
297505
297506
297507
297508
297509
297510
297511
297512
297513
297514
297515
297516
297517
297518
297519
297520
297521
297522
297523
297524
297525
297526
297527
297528
297529
297530
297531
297532
297533
297534
297535
297536
297537
297538
297539
297540
297541
297542
297543
297544
297545
297546
297547
297548
297549
297550
297551
297552
297553
297554
297555
297556
297557
297558
297559
297560
297561
297562
297563
297564
297565
297566
297567
297568
297569
297570
297571
297572
297573
297574
297575
297576
297577
297578
297579
297580
297581
297582
297583
297584
297585
297586
297587
297588
297589
297590
297591
297592
297593
297594
297595
297596
297597
297598
297599
297600
297601
297602
297603
297604
297605
297606
297607
297608
297609
297610
297611
297612
297613
297614
297615
297616
297617
297618
297619
297620
297621
297622
297623
297624
297625
297626
297627
297628
297629
297630
297631
297632
297633
297634
297635
297636
297637
297638
297639
297640
297641
297642
297643
297644
297645
297646
297647
297648
297649
297650
297651
297652
297653
297654
297655
297656
297657
297658
297659
297660
297661
297662
297663
297664
297665
297666
297667
297668
297669
297670
297671
297672
297673
297674
297675
297676
297677
297678
297679
297680
297681
297682
297683
297684
297685
297686
297687
297688
297689
297690
297691
297692
297693
297694
297695
297696
297697
297698
297699
297700
297701
297702
297703
297704
297705
297706
297707
297708
297709
297710
297711
297712
297713
297714
297715
297716
297717
297718
297719
297720
297721
297722
297723
297724
297725
297726
297727
297728
297729
297730
297731
297732
297733
297734
297735
297736
297737
297738
297739
297740
297741
297742
297743
297744
297745
297746
297747
297748
297749
297750
297751
297752
297753
297754
297755
297756
297757
297758
297759
297760
297761
297762
297763
297764
297765
297766
297767
297768
297769
297770
297771
297772
297773
297774
297775
297776
297777
297778
297779
297780
297781
297782
297783
297784
297785
297786
297787
297788
297789
297790
297791
297792
297793
297794
297795
297796
297797
297798
297799
297800
297801
297802
297803
297804
297805
297806
297807
297808
297809
297810
297811
297812
297813
297814
297815
297816
297817
297818
297819
297820
297821
297822
297823
297824
297825
297826
297827
297828
297829
297830
297831
297832
297833
297834
297835
297836
297837
297838
297839
297840
297841
297842
297843
297844
297845
297846
297847
297848
297849
297850
297851
297852
297853
297854
297855
297856
297857
297858
297859
297860
297861
297862
297863
297864
297865
297866
297867
297868
297869
297870
297871
297872
297873
297874
297875
297876
297877
297878
297879
297880
297881
297882
297883
297884
297885
297886
297887
297888
297889
297890
297891
297892
297893
297894
297895
297896
297897
297898
297899
297900
297901
297902
297903
297904
297905
297906
297907
297908
297909
297910
297911
297912
297913
297914
297915
297916
297917
297918
297919
297920
297921
297922
297923
297924
297925
297926
297927
297928
297929
297930
297931
297932
297933
297934
297935
297936
297937
297938
297939
297940
297941
297942
297943
297944
297945
297946
297947
297948
297949
297950
297951
297952
297953
297954
297955
297956
297957
297958
297959
297960
297961
297962
297963
297964
297965
297966
297967
297968
297969
297970
297971
297972
297973
297974
297975
297976
297977
297978
297979
297980
297981
297982
297983
297984
297985
297986
297987
297988
297989
297990
297991
297992
297993
297994
297995
297996
297997
297998
297999
298000
298001
298002
298003
298004
298005
298006
298007
298008
298009
298010
298011
298012
298013
298014
298015
298016
298017
298018
298019
298020
298021
298022
298023
298024
298025
298026
298027
298028
298029
298030
298031
298032
298033
298034
298035
298036
298037
298038
298039
298040
298041
298042
298043
298044
298045
298046
298047
298048
298049
298050
298051
298052
298053
298054
298055
298056
298057
298058
298059
298060
298061
298062
298063
298064
298065
298066
298067
298068
298069
298070
298071
298072
298073
298074
298075
298076
298077
298078
298079
298080
298081
298082
298083
298084
298085
298086
298087
298088
298089
298090
298091
298092
298093
298094
298095
298096
298097
298098
298099
298100
298101
298102
298103
298104
298105
298106
298107
298108
298109
298110
298111
298112
298113
298114
298115
298116
298117
298118
298119
298120
298121
298122
298123
298124
298125
298126
298127
298128
298129
298130
298131
298132
298133
298134
298135
298136
298137
298138
298139
298140
298141
298142
298143
298144
298145
298146
298147
298148
298149
298150
298151
298152
298153
298154
298155
298156
298157
298158
298159
298160
298161
298162
298163
298164
298165
298166
298167
298168
298169
298170
298171
298172
298173
298174
298175
298176
298177
298178
298179
298180
298181
298182
298183
298184
298185
298186
298187
298188
298189
298190
298191
298192
298193
298194
298195
298196
298197
298198
298199
298200
298201
298202
298203
298204
298205
298206
298207
298208
298209
298210
298211
298212
298213
298214
298215
298216
298217
298218
298219
298220
298221
298222
298223
298224
298225
298226
298227
298228
298229
298230
298231
298232
298233
298234
298235
298236
298237
298238
298239
298240
298241
298242
298243
298244
298245
298246
298247
298248
298249
298250
298251
298252
298253
298254
298255
298256
298257
298258
298259
298260
298261
298262
298263
298264
298265
298266
298267
298268
298269
298270
298271
298272
298273
298274
298275
298276
298277
298278
298279
298280
298281
298282
298283
298284
298285
298286
298287
298288
298289
298290
298291
298292
298293
298294
298295
298296
298297
298298
298299
298300
298301
298302
298303
298304
298305
298306
298307
298308
298309
298310
298311
298312
298313
298314
298315
298316
298317
298318
298319
298320
298321
298322
298323
298324
298325
298326
298327
298328
298329
298330
298331
298332
298333
298334
298335
298336
298337
298338
298339
298340
298341
298342
298343
298344
298345
298346
298347
298348
298349
298350
298351
298352
298353
298354
298355
298356
298357
298358
298359
298360
298361
298362
298363
298364
298365
298366
298367
298368
298369
298370
298371
298372
298373
298374
298375
298376
298377
298378
298379
298380
298381
298382
298383
298384
298385
298386
298387
298388
298389
298390
298391
298392
298393
298394
298395
298396
298397
298398
298399
298400
298401
298402
298403
298404
298405
298406
298407
298408
298409
298410
298411
298412
298413
298414
298415
298416
298417
298418
298419
298420
298421
298422
298423
298424
298425
298426
298427
298428
298429
298430
298431
298432
298433
298434
298435
298436
298437
298438
298439
298440
298441
298442
298443
298444
298445
298446
298447
298448
298449
298450
298451
298452
298453
298454
298455
298456
298457
298458
298459
298460
298461
298462
298463
298464
298465
298466
298467
298468
298469
298470
298471
298472
298473
298474
298475
298476
298477
298478
298479
298480
298481
298482
298483
298484
298485
298486
298487
298488
298489
298490
298491
298492
298493
298494
298495
298496
298497
298498
298499
298500
298501
298502
298503
298504
298505
298506
298507
298508
298509
298510
298511
298512
298513
298514
298515
298516
298517
298518
298519
298520
298521
298522
298523
298524
298525
298526
298527
298528
298529
298530
298531
298532
298533
298534
298535
298536
298537
298538
298539
298540
298541
298542
298543
298544
298545
298546
298547
298548
298549
298550
298551
298552
298553
298554
298555
298556
298557
298558
298559
298560
298561
298562
298563
298564
298565
298566
298567
298568
298569
298570
298571
298572
298573
298574
298575
298576
298577
298578
298579
298580
298581
298582
298583
298584
298585
298586
298587
298588
298589
298590
298591
298592
298593
298594
298595
298596
298597
298598
298599
298600
298601
298602
298603
298604
298605
298606
298607
298608
298609
298610
298611
298612
298613
298614
298615
298616
298617
298618
298619
298620
298621
298622
298623
298624
298625
298626
298627
298628
298629
298630
298631
298632
298633
298634
298635
298636
298637
298638
298639
298640
298641
298642
298643
298644
298645
298646
298647
298648
298649
298650
298651
298652
298653
298654
298655
298656
298657
298658
298659
298660
298661
298662
298663
298664
298665
298666
298667
298668
298669
298670
298671
298672
298673
298674
298675
298676
298677
298678
298679
298680
298681
298682
298683
298684
298685
298686
298687
298688
298689
298690
298691
298692
298693
298694
298695
298696
298697
298698
298699
298700
298701
298702
298703
298704
298705
298706
298707
298708
298709
298710
298711
298712
298713
298714
298715
298716
298717
298718
298719
298720
298721
298722
298723
298724
298725
298726
298727
298728
298729
298730
298731
298732
298733
298734
298735
298736
298737
298738
298739
298740
298741
298742
298743
298744
298745
298746
298747
298748
298749
298750
298751
298752
298753
298754
298755
298756
298757
298758
298759
298760
298761
298762
298763
298764
298765
298766
298767
298768
298769
298770
298771
298772
298773
298774
298775
298776
298777
298778
298779
298780
298781
298782
298783
298784
298785
298786
298787
298788
298789
298790
298791
298792
298793
298794
298795
298796
298797
298798
298799
298800
298801
298802
298803
298804
298805
298806
298807
298808
298809
298810
298811
298812
298813
298814
298815
298816
298817
298818
298819
298820
298821
298822
298823
298824
298825
298826
298827
298828
298829
298830
298831
298832
298833
298834
298835
298836
298837
298838
298839
298840
298841
298842
298843
298844
298845
298846
298847
298848
298849
298850
298851
298852
298853
298854
298855
298856
298857
298858
298859
298860
298861
298862
298863
298864
298865
298866
298867
298868
298869
298870
298871
298872
298873
298874
298875
298876
298877
298878
298879
298880
298881
298882
298883
298884
298885
298886
298887
298888
298889
298890
298891
298892
298893
298894
298895
298896
298897
298898
298899
298900
298901
298902
298903
298904
298905
298906
298907
298908
298909
298910
298911
298912
298913
298914
298915
298916
298917
298918
298919
298920
298921
298922
298923
298924
298925
298926
298927
298928
298929
298930
298931
298932
298933
298934
298935
298936
298937
298938
298939
298940
298941
298942
298943
298944
298945
298946
298947
298948
298949
298950
298951
298952
298953
298954
298955
298956
298957
298958
298959
298960
298961
298962
298963
298964
298965
298966
298967
298968
298969
298970
298971
298972
298973
298974
298975
298976
298977
298978
298979
298980
298981
298982
298983
298984
298985
298986
298987
298988
298989
298990
298991
298992
298993
298994
298995
298996
298997
298998
298999
299000
299001
299002
299003
299004
299005
299006
299007
299008
299009
299010
299011
299012
299013
299014
299015
299016
299017
299018
299019
299020
299021
299022
299023
299024
299025
299026
299027
299028
299029
299030
299031
299032
299033
299034
299035
299036
299037
299038
299039
299040
299041
299042
299043
299044
299045
299046
299047
299048
299049
299050
299051
299052
299053
299054
299055
299056
299057
299058
299059
299060
299061
299062
299063
299064
299065
299066
299067
299068
299069
299070
299071
299072
299073
299074
299075
299076
299077
299078
299079
299080
299081
299082
299083
299084
299085
299086
299087
299088
299089
299090
299091
299092
299093
299094
299095
299096
299097
299098
299099
299100
299101
299102
299103
299104
299105
299106
299107
299108
299109
299110
299111
299112
299113
299114
299115
299116
299117
299118
299119
299120
299121
299122
299123
299124
299125
299126
299127
299128
299129
299130
299131
299132
299133
299134
299135
299136
299137
299138
299139
299140
299141
299142
299143
299144
299145
299146
299147
299148
299149
299150
299151
299152
299153
299154
299155
299156
299157
299158
299159
299160
299161
299162
299163
299164
299165
299166
299167
299168
299169
299170
299171
299172
299173
299174
299175
299176
299177
299178
299179
299180
299181
299182
299183
299184
299185
299186
299187
299188
299189
299190
299191
299192
299193
299194
299195
299196
299197
299198
299199
299200
299201
299202
299203
299204
299205
299206
299207
299208
299209
299210
299211
299212
299213
299214
299215
299216
299217
299218
299219
299220
299221
299222
299223
299224
299225
299226
299227
299228
299229
299230
299231
299232
299233
299234
299235
299236
299237
299238
299239
299240
299241
299242
299243
299244
299245
299246
299247
299248
299249
299250
299251
299252
299253
299254
299255
299256
299257
299258
299259
299260
299261
299262
299263
299264
299265
299266
299267
299268
299269
299270
299271
299272
299273
299274
299275
299276
299277
299278
299279
299280
299281
299282
299283
299284
299285
299286
299287
299288
299289
299290
299291
299292
299293
299294
299295
299296
299297
299298
299299
299300
299301
299302
299303
299304
299305
299306
299307
299308
299309
299310
299311
299312
299313
299314
299315
299316
299317
299318
299319
299320
299321
299322
299323
299324
299325
299326
299327
299328
299329
299330
299331
299332
299333
299334
299335
299336
299337
299338
299339
299340
299341
299342
299343
299344
299345
299346
299347
299348
299349
299350
299351
299352
299353
299354
299355
299356
299357
299358
299359
299360
299361
299362
299363
299364
299365
299366
299367
299368
299369
299370
299371
299372
299373
299374
299375
299376
299377
299378
299379
299380
299381
299382
299383
299384
299385
299386
299387
299388
299389
299390
299391
299392
299393
299394
299395
299396
299397
299398
299399
299400
299401
299402
299403
299404
299405
299406
299407
299408
299409
299410
299411
299412
299413
299414
299415
299416
299417
299418
299419
299420
299421
299422
299423
299424
299425
299426
299427
299428
299429
299430
299431
299432
299433
299434
299435
299436
299437
299438
299439
299440
299441
299442
299443
299444
299445
299446
299447
299448
299449
299450
299451
299452
299453
299454
299455
299456
299457
299458
299459
299460
299461
299462
299463
299464
299465
299466
299467
299468
299469
299470
299471
299472
299473
299474
299475
299476
299477
299478
299479
299480
299481
299482
299483
299484
299485
299486
299487
299488
299489
299490
299491
299492
299493
299494
299495
299496
299497
299498
299499
299500
299501
299502
299503
299504
299505
299506
299507
299508
299509
299510
299511
299512
299513
299514
299515
299516
299517
299518
299519
299520
299521
299522
299523
299524
299525
299526
299527
299528
299529
299530
299531
299532
299533
299534
299535
299536
299537
299538
299539
299540
299541
299542
299543
299544
299545
299546
299547
299548
299549
299550
299551
299552
299553
299554
299555
299556
299557
299558
299559
299560
299561
299562
299563
299564
299565
299566
299567
299568
299569
299570
299571
299572
299573
299574
299575
299576
299577
299578
299579
299580
299581
299582
299583
299584
299585
299586
299587
299588
299589
299590
299591
299592
299593
299594
299595
299596
299597
299598
299599
299600
299601
299602
299603
299604
299605
299606
299607
299608
299609
299610
299611
299612
299613
299614
299615
299616
299617
299618
299619
299620
299621
299622
299623
299624
299625
299626
299627
299628
299629
299630
299631
299632
299633
299634
299635
299636
299637
299638
299639
299640
299641
299642
299643
299644
299645
299646
299647
299648
299649
299650
299651
299652
299653
299654
299655
299656
299657
299658
299659
299660
299661
299662
299663
299664
299665
299666
299667
299668
299669
299670
299671
299672
299673
299674
299675
299676
299677
299678
299679
299680
299681
299682
299683
299684
299685
299686
299687
299688
299689
299690
299691
299692
299693
299694
299695
299696
299697
299698
299699
299700
299701
299702
299703
299704
299705
299706
299707
299708
299709
299710
299711
299712
299713
299714
299715
299716
299717
299718
299719
299720
299721
299722
299723
299724
299725
299726
299727
299728
299729
299730
299731
299732
299733
299734
299735
299736
299737
299738
299739
299740
299741
299742
299743
299744
299745
299746
299747
299748
299749
299750
299751
299752
299753
299754
299755
299756
299757
299758
299759
299760
299761
299762
299763
299764
299765
299766
299767
299768
299769
299770
299771
299772
299773
299774
299775
299776
299777
299778
299779
299780
299781
299782
299783
299784
299785
299786
299787
299788
299789
299790
299791
299792
299793
299794
299795
299796
299797
299798
299799
299800
299801
299802
299803
299804
299805
299806
299807
299808
299809
299810
299811
299812
299813
299814
299815
299816
299817
299818
299819
299820
299821
299822
299823
299824
299825
299826
299827
299828
299829
299830
299831
299832
299833
299834
299835
299836
299837
299838
299839
299840
299841
299842
299843
299844
299845
299846
299847
299848
299849
299850
299851
299852
299853
299854
299855
299856
299857
299858
299859
299860
299861
299862
299863
299864
299865
299866
299867
299868
299869
299870
299871
299872
299873
299874
299875
299876
299877
299878
299879
299880
299881
299882
299883
299884
299885
299886
299887
299888
299889
299890
299891
299892
299893
299894
299895
299896
299897
299898
299899
299900
299901
299902
299903
299904
299905
299906
299907
299908
299909
299910
299911
299912
299913
299914
299915
299916
299917
299918
299919
299920
299921
299922
299923
299924
299925
299926
299927
299928
299929
299930
299931
299932
299933
299934
299935
299936
299937
299938
299939
299940
299941
299942
299943
299944
299945
299946
299947
299948
299949
299950
299951
299952
299953
299954
299955
299956
299957
299958
299959
299960
299961
299962
299963
299964
299965
299966
299967
299968
299969
299970
299971
299972
299973
299974
299975
299976
299977
299978
299979
299980
299981
299982
299983
299984
299985
299986
299987
299988
299989
299990
299991
299992
299993
299994
299995
299996
299997
299998
299999
