265000
265001
265002
265003
265004
265005
265006
265007
265008
265009
265010
265011
265012
265013
265014
265015
265016
265017
265018
265019
265020
265021
265022
265023
265024
265025
265026
265027
265028
265029
265030
265031
265032
265033
265034
265035
265036
265037
265038
265039
265040
265041
265042
265043
265044
265045
265046
265047
265048
265049
265050
265051
265052
265053
265054
265055
265056
265057
265058
265059
265060
265061
265062
265063
265064
265065
265066
265067
265068
265069
265070
265071
265072
265073
265074
265075
265076
265077
265078
265079
265080
265081
265082
265083
265084
265085
265086
265087
265088
265089
265090
265091
265092
265093
265094
265095
265096
265097
265098
265099
265100
265101
265102
265103
265104
265105
265106
265107
265108
265109
265110
265111
265112
265113
265114
265115
265116
265117
265118
265119
265120
265121
265122
265123
265124
265125
265126
265127
265128
265129
265130
265131
265132
265133
265134
265135
265136
265137
265138
265139
265140
265141
265142
265143
265144
265145
265146
265147
265148
265149
265150
265151
265152
265153
265154
265155
265156
265157
265158
265159
265160
265161
265162
265163
265164
265165
265166
265167
265168
265169
265170
265171
265172
265173
265174
265175
265176
265177
265178
265179
265180
265181
265182
265183
265184
265185
265186
265187
265188
265189
265190
265191
265192
265193
265194
265195
265196
265197
265198
265199
265200
265201
265202
265203
265204
265205
265206
265207
265208
265209
265210
265211
265212
265213
265214
265215
265216
265217
265218
265219
265220
265221
265222
265223
265224
265225
265226
265227
265228
265229
265230
265231
265232
265233
265234
265235
265236
265237
265238
265239
265240
265241
265242
265243
265244
265245
265246
265247
265248
265249
265250
265251
265252
265253
265254
265255
265256
265257
265258
265259
265260
265261
265262
265263
265264
265265
265266
265267
265268
265269
265270
265271
265272
265273
265274
265275
265276
265277
265278
265279
265280
265281
265282
265283
265284
265285
265286
265287
265288
265289
265290
265291
265292
265293
265294
265295
265296
265297
265298
265299
265300
265301
265302
265303
265304
265305
265306
265307
265308
265309
265310
265311
265312
265313
265314
265315
265316
265317
265318
265319
265320
265321
265322
265323
265324
265325
265326
265327
265328
265329
265330
265331
265332
265333
265334
265335
265336
265337
265338
265339
265340
265341
265342
265343
265344
265345
265346
265347
265348
265349
265350
265351
265352
265353
265354
265355
265356
265357
265358
265359
265360
265361
265362
265363
265364
265365
265366
265367
265368
265369
265370
265371
265372
265373
265374
265375
265376
265377
265378
265379
265380
265381
265382
265383
265384
265385
265386
265387
265388
265389
265390
265391
265392
265393
265394
265395
265396
265397
265398
265399
265400
265401
265402
265403
265404
265405
265406
265407
265408
265409
265410
265411
265412
265413
265414
265415
265416
265417
265418
265419
265420
265421
265422
265423
265424
265425
265426
265427
265428
265429
265430
265431
265432
265433
265434
265435
265436
265437
265438
265439
265440
265441
265442
265443
265444
265445
265446
265447
265448
265449
265450
265451
265452
265453
265454
265455
265456
265457
265458
265459
265460
265461
265462
265463
265464
265465
265466
265467
265468
265469
265470
265471
265472
265473
265474
265475
265476
265477
265478
265479
265480
265481
265482
265483
265484
265485
265486
265487
265488
265489
265490
265491
265492
265493
265494
265495
265496
265497
265498
265499
265500
265501
265502
265503
265504
265505
265506
265507
265508
265509
265510
265511
265512
265513
265514
265515
265516
265517
265518
265519
265520
265521
265522
265523
265524
265525
265526
265527
265528
265529
265530
265531
265532
265533
265534
265535
265536
265537
265538
265539
265540
265541
265542
265543
265544
265545
265546
265547
265548
265549
265550
265551
265552
265553
265554
265555
265556
265557
265558
265559
265560
265561
265562
265563
265564
265565
265566
265567
265568
265569
265570
265571
265572
265573
265574
265575
265576
265577
265578
265579
265580
265581
265582
265583
265584
265585
265586
265587
265588
265589
265590
265591
265592
265593
265594
265595
265596
265597
265598
265599
265600
265601
265602
265603
265604
265605
265606
265607
265608
265609
265610
265611
265612
265613
265614
265615
265616
265617
265618
265619
265620
265621
265622
265623
265624
265625
265626
265627
265628
265629
265630
265631
265632
265633
265634
265635
265636
265637
265638
265639
265640
265641
265642
265643
265644
265645
265646
265647
265648
265649
265650
265651
265652
265653
265654
265655
265656
265657
265658
265659
265660
265661
265662
265663
265664
265665
265666
265667
265668
265669
265670
265671
265672
265673
265674
265675
265676
265677
265678
265679
265680
265681
265682
265683
265684
265685
265686
265687
265688
265689
265690
265691
265692
265693
265694
265695
265696
265697
265698
265699
265700
265701
265702
265703
265704
265705
265706
265707
265708
265709
265710
265711
265712
265713
265714
265715
265716
265717
265718
265719
265720
265721
265722
265723
265724
265725
265726
265727
265728
265729
265730
265731
265732
265733
265734
265735
265736
265737
265738
265739
265740
265741
265742
265743
265744
265745
265746
265747
265748
265749
265750
265751
265752
265753
265754
265755
265756
265757
265758
265759
265760
265761
265762
265763
265764
265765
265766
265767
265768
265769
265770
265771
265772
265773
265774
265775
265776
265777
265778
265779
265780
265781
265782
265783
265784
265785
265786
265787
265788
265789
265790
265791
265792
265793
265794
265795
265796
265797
265798
265799
265800
265801
265802
265803
265804
265805
265806
265807
265808
265809
265810
265811
265812
265813
265814
265815
265816
265817
265818
265819
265820
265821
265822
265823
265824
265825
265826
265827
265828
265829
265830
265831
265832
265833
265834
265835
265836
265837
265838
265839
265840
265841
265842
265843
265844
265845
265846
265847
265848
265849
265850
265851
265852
265853
265854
265855
265856
265857
265858
265859
265860
265861
265862
265863
265864
265865
265866
265867
265868
265869
265870
265871
265872
265873
265874
265875
265876
265877
265878
265879
265880
265881
265882
265883
265884
265885
265886
265887
265888
265889
265890
265891
265892
265893
265894
265895
265896
265897
265898
265899
265900
265901
265902
265903
265904
265905
265906
265907
265908
265909
265910
265911
265912
265913
265914
265915
265916
265917
265918
265919
265920
265921
265922
265923
265924
265925
265926
265927
265928
265929
265930
265931
265932
265933
265934
265935
265936
265937
265938
265939
265940
265941
265942
265943
265944
265945
265946
265947
265948
265949
265950
265951
265952
265953
265954
265955
265956
265957
265958
265959
265960
265961
265962
265963
265964
265965
265966
265967
265968
265969
265970
265971
265972
265973
265974
265975
265976
265977
265978
265979
265980
265981
265982
265983
265984
265985
265986
265987
265988
265989
265990
265991
265992
265993
265994
265995
265996
265997
265998
265999
266000
266001
266002
266003
266004
266005
266006
266007
266008
266009
266010
266011
266012
266013
266014
266015
266016
266017
266018
266019
266020
266021
266022
266023
266024
266025
266026
266027
266028
266029
266030
266031
266032
266033
266034
266035
266036
266037
266038
266039
266040
266041
266042
266043
266044
266045
266046
266047
266048
266049
266050
266051
266052
266053
266054
266055
266056
266057
266058
266059
266060
266061
266062
266063
266064
266065
266066
266067
266068
266069
266070
266071
266072
266073
266074
266075
266076
266077
266078
266079
266080
266081
266082
266083
266084
266085
266086
266087
266088
266089
266090
266091
266092
266093
266094
266095
266096
266097
266098
266099
266100
266101
266102
266103
266104
266105
266106
266107
266108
266109
266110
266111
266112
266113
266114
266115
266116
266117
266118
266119
266120
266121
266122
266123
266124
266125
266126
266127
266128
266129
266130
266131
266132
266133
266134
266135
266136
266137
266138
266139
266140
266141
266142
266143
266144
266145
266146
266147
266148
266149
266150
266151
266152
266153
266154
266155
266156
266157
266158
266159
266160
266161
266162
266163
266164
266165
266166
266167
266168
266169
266170
266171
266172
266173
266174
266175
266176
266177
266178
266179
266180
266181
266182
266183
266184
266185
266186
266187
266188
266189
266190
266191
266192
266193
266194
266195
266196
266197
266198
266199
266200
266201
266202
266203
266204
266205
266206
266207
266208
266209
266210
266211
266212
266213
266214
266215
266216
266217
266218
266219
266220
266221
266222
266223
266224
266225
266226
266227
266228
266229
266230
266231
266232
266233
266234
266235
266236
266237
266238
266239
266240
266241
266242
266243
266244
266245
266246
266247
266248
266249
266250
266251
266252
266253
266254
266255
266256
266257
266258
266259
266260
266261
266262
266263
266264
266265
266266
266267
266268
266269
266270
266271
266272
266273
266274
266275
266276
266277
266278
266279
266280
266281
266282
266283
266284
266285
266286
266287
266288
266289
266290
266291
266292
266293
266294
266295
266296
266297
266298
266299
266300
266301
266302
266303
266304
266305
266306
266307
266308
266309
266310
266311
266312
266313
266314
266315
266316
266317
266318
266319
266320
266321
266322
266323
266324
266325
266326
266327
266328
266329
266330
266331
266332
266333
266334
266335
266336
266337
266338
266339
266340
266341
266342
266343
266344
266345
266346
266347
266348
266349
266350
266351
266352
266353
266354
266355
266356
266357
266358
266359
266360
266361
266362
266363
266364
266365
266366
266367
266368
266369
266370
266371
266372
266373
266374
266375
266376
266377
266378
266379
266380
266381
266382
266383
266384
266385
266386
266387
266388
266389
266390
266391
266392
266393
266394
266395
266396
266397
266398
266399
266400
266401
266402
266403
266404
266405
266406
266407
266408
266409
266410
266411
266412
266413
266414
266415
266416
266417
266418
266419
266420
266421
266422
266423
266424
266425
266426
266427
266428
266429
266430
266431
266432
266433
266434
266435
266436
266437
266438
266439
266440
266441
266442
266443
266444
266445
266446
266447
266448
266449
266450
266451
266452
266453
266454
266455
266456
266457
266458
266459
266460
266461
266462
266463
266464
266465
266466
266467
266468
266469
266470
266471
266472
266473
266474
266475
266476
266477
266478
266479
266480
266481
266482
266483
266484
266485
266486
266487
266488
266489
266490
266491
266492
266493
266494
266495
266496
266497
266498
266499
266500
266501
266502
266503
266504
266505
266506
266507
266508
266509
266510
266511
266512
266513
266514
266515
266516
266517
266518
266519
266520
266521
266522
266523
266524
266525
266526
266527
266528
266529
266530
266531
266532
266533
266534
266535
266536
266537
266538
266539
266540
266541
266542
266543
266544
266545
266546
266547
266548
266549
266550
266551
266552
266553
266554
266555
266556
266557
266558
266559
266560
266561
266562
266563
266564
266565
266566
266567
266568
266569
266570
266571
266572
266573
266574
266575
266576
266577
266578
266579
266580
266581
266582
266583
266584
266585
266586
266587
266588
266589
266590
266591
266592
266593
266594
266595
266596
266597
266598
266599
266600
266601
266602
266603
266604
266605
266606
266607
266608
266609
266610
266611
266612
266613
266614
266615
266616
266617
266618
266619
266620
266621
266622
266623
266624
266625
266626
266627
266628
266629
266630
266631
266632
266633
266634
266635
266636
266637
266638
266639
266640
266641
266642
266643
266644
266645
266646
266647
266648
266649
266650
266651
266652
266653
266654
266655
266656
266657
266658
266659
266660
266661
266662
266663
266664
266665
266666
266667
266668
266669
266670
266671
266672
266673
266674
266675
266676
266677
266678
266679
266680
266681
266682
266683
266684
266685
266686
266687
266688
266689
266690
266691
266692
266693
266694
266695
266696
266697
266698
266699
266700
266701
266702
266703
266704
266705
266706
266707
266708
266709
266710
266711
266712
266713
266714
266715
266716
266717
266718
266719
266720
266721
266722
266723
266724
266725
266726
266727
266728
266729
266730
266731
266732
266733
266734
266735
266736
266737
266738
266739
266740
266741
266742
266743
266744
266745
266746
266747
266748
266749
266750
266751
266752
266753
266754
266755
266756
266757
266758
266759
266760
266761
266762
266763
266764
266765
266766
266767
266768
266769
266770
266771
266772
266773
266774
266775
266776
266777
266778
266779
266780
266781
266782
266783
266784
266785
266786
266787
266788
266789
266790
266791
266792
266793
266794
266795
266796
266797
266798
266799
266800
266801
266802
266803
266804
266805
266806
266807
266808
266809
266810
266811
266812
266813
266814
266815
266816
266817
266818
266819
266820
266821
266822
266823
266824
266825
266826
266827
266828
266829
266830
266831
266832
266833
266834
266835
266836
266837
266838
266839
266840
266841
266842
266843
266844
266845
266846
266847
266848
266849
266850
266851
266852
266853
266854
266855
266856
266857
266858
266859
266860
266861
266862
266863
266864
266865
266866
266867
266868
266869
266870
266871
266872
266873
266874
266875
266876
266877
266878
266879
266880
266881
266882
266883
266884
266885
266886
266887
266888
266889
266890
266891
266892
266893
266894
266895
266896
266897
266898
266899
266900
266901
266902
266903
266904
266905
266906
266907
266908
266909
266910
266911
266912
266913
266914
266915
266916
266917
266918
266919
266920
266921
266922
266923
266924
266925
266926
266927
266928
266929
266930
266931
266932
266933
266934
266935
266936
266937
266938
266939
266940
266941
266942
266943
266944
266945
266946
266947
266948
266949
266950
266951
266952
266953
266954
266955
266956
266957
266958
266959
266960
266961
266962
266963
266964
266965
266966
266967
266968
266969
266970
266971
266972
266973
266974
266975
266976
266977
266978
266979
266980
266981
266982
266983
266984
266985
266986
266987
266988
266989
266990
266991
266992
266993
266994
266995
266996
266997
266998
266999
267000
267001
267002
267003
267004
267005
267006
267007
267008
267009
267010
267011
267012
267013
267014
267015
267016
267017
267018
267019
267020
267021
267022
267023
267024
267025
267026
267027
267028
267029
267030
267031
267032
267033
267034
267035
267036
267037
267038
267039
267040
267041
267042
267043
267044
267045
267046
267047
267048
267049
267050
267051
267052
267053
267054
267055
267056
267057
267058
267059
267060
267061
267062
267063
267064
267065
267066
267067
267068
267069
267070
267071
267072
267073
267074
267075
267076
267077
267078
267079
267080
267081
267082
267083
267084
267085
267086
267087
267088
267089
267090
267091
267092
267093
267094
267095
267096
267097
267098
267099
267100
267101
267102
267103
267104
267105
267106
267107
267108
267109
267110
267111
267112
267113
267114
267115
267116
267117
267118
267119
267120
267121
267122
267123
267124
267125
267126
267127
267128
267129
267130
267131
267132
267133
267134
267135
267136
267137
267138
267139
267140
267141
267142
267143
267144
267145
267146
267147
267148
267149
267150
267151
267152
267153
267154
267155
267156
267157
267158
267159
267160
267161
267162
267163
267164
267165
267166
267167
267168
267169
267170
267171
267172
267173
267174
267175
267176
267177
267178
267179
267180
267181
267182
267183
267184
267185
267186
267187
267188
267189
267190
267191
267192
267193
267194
267195
267196
267197
267198
267199
267200
267201
267202
267203
267204
267205
267206
267207
267208
267209
267210
267211
267212
267213
267214
267215
267216
267217
267218
267219
267220
267221
267222
267223
267224
267225
267226
267227
267228
267229
267230
267231
267232
267233
267234
267235
267236
267237
267238
267239
267240
267241
267242
267243
267244
267245
267246
267247
267248
267249
267250
267251
267252
267253
267254
267255
267256
267257
267258
267259
267260
267261
267262
267263
267264
267265
267266
267267
267268
267269
267270
267271
267272
267273
267274
267275
267276
267277
267278
267279
267280
267281
267282
267283
267284
267285
267286
267287
267288
267289
267290
267291
267292
267293
267294
267295
267296
267297
267298
267299
267300
267301
267302
267303
267304
267305
267306
267307
267308
267309
267310
267311
267312
267313
267314
267315
267316
267317
267318
267319
267320
267321
267322
267323
267324
267325
267326
267327
267328
267329
267330
267331
267332
267333
267334
267335
267336
267337
267338
267339
267340
267341
267342
267343
267344
267345
267346
267347
267348
267349
267350
267351
267352
267353
267354
267355
267356
267357
267358
267359
267360
267361
267362
267363
267364
267365
267366
267367
267368
267369
267370
267371
267372
267373
267374
267375
267376
267377
267378
267379
267380
267381
267382
267383
267384
267385
267386
267387
267388
267389
267390
267391
267392
267393
267394
267395
267396
267397
267398
267399
267400
267401
267402
267403
267404
267405
267406
267407
267408
267409
267410
267411
267412
267413
267414
267415
267416
267417
267418
267419
267420
267421
267422
267423
267424
267425
267426
267427
267428
267429
267430
267431
267432
267433
267434
267435
267436
267437
267438
267439
267440
267441
267442
267443
267444
267445
267446
267447
267448
267449
267450
267451
267452
267453
267454
267455
267456
267457
267458
267459
267460
267461
267462
267463
267464
267465
267466
267467
267468
267469
267470
267471
267472
267473
267474
267475
267476
267477
267478
267479
267480
267481
267482
267483
267484
267485
267486
267487
267488
267489
267490
267491
267492
267493
267494
267495
267496
267497
267498
267499
267500
267501
267502
267503
267504
267505
267506
267507
267508
267509
267510
267511
267512
267513
267514
267515
267516
267517
267518
267519
267520
267521
267522
267523
267524
267525
267526
267527
267528
267529
267530
267531
267532
267533
267534
267535
267536
267537
267538
267539
267540
267541
267542
267543
267544
267545
267546
267547
267548
267549
267550
267551
267552
267553
267554
267555
267556
267557
267558
267559
267560
267561
267562
267563
267564
267565
267566
267567
267568
267569
267570
267571
267572
267573
267574
267575
267576
267577
267578
267579
267580
267581
267582
267583
267584
267585
267586
267587
267588
267589
267590
267591
267592
267593
267594
267595
267596
267597
267598
267599
267600
267601
267602
267603
267604
267605
267606
267607
267608
267609
267610
267611
267612
267613
267614
267615
267616
267617
267618
267619
267620
267621
267622
267623
267624
267625
267626
267627
267628
267629
267630
267631
267632
267633
267634
267635
267636
267637
267638
267639
267640
267641
267642
267643
267644
267645
267646
267647
267648
267649
267650
267651
267652
267653
267654
267655
267656
267657
267658
267659
267660
267661
267662
267663
267664
267665
267666
267667
267668
267669
267670
267671
267672
267673
267674
267675
267676
267677
267678
267679
267680
267681
267682
267683
267684
267685
267686
267687
267688
267689
267690
267691
267692
267693
267694
267695
267696
267697
267698
267699
267700
267701
267702
267703
267704
267705
267706
267707
267708
267709
267710
267711
267712
267713
267714
267715
267716
267717
267718
267719
267720
267721
267722
267723
267724
267725
267726
267727
267728
267729
267730
267731
267732
267733
267734
267735
267736
267737
267738
267739
267740
267741
267742
267743
267744
267745
267746
267747
267748
267749
267750
267751
267752
267753
267754
267755
267756
267757
267758
267759
267760
267761
267762
267763
267764
267765
267766
267767
267768
267769
267770
267771
267772
267773
267774
267775
267776
267777
267778
267779
267780
267781
267782
267783
267784
267785
267786
267787
267788
267789
267790
267791
267792
267793
267794
267795
267796
267797
267798
267799
267800
267801
267802
267803
267804
267805
267806
267807
267808
267809
267810
267811
267812
267813
267814
267815
267816
267817
267818
267819
267820
267821
267822
267823
267824
267825
267826
267827
267828
267829
267830
267831
267832
267833
267834
267835
267836
267837
267838
267839
267840
267841
267842
267843
267844
267845
267846
267847
267848
267849
267850
267851
267852
267853
267854
267855
267856
267857
267858
267859
267860
267861
267862
267863
267864
267865
267866
267867
267868
267869
267870
267871
267872
267873
267874
267875
267876
267877
267878
267879
267880
267881
267882
267883
267884
267885
267886
267887
267888
267889
267890
267891
267892
267893
267894
267895
267896
267897
267898
267899
267900
267901
267902
267903
267904
267905
267906
267907
267908
267909
267910
267911
267912
267913
267914
267915
267916
267917
267918
267919
267920
267921
267922
267923
267924
267925
267926
267927
267928
267929
267930
267931
267932
267933
267934
267935
267936
267937
267938
267939
267940
267941
267942
267943
267944
267945
267946
267947
267948
267949
267950
267951
267952
267953
267954
267955
267956
267957
267958
267959
267960
267961
267962
267963
267964
267965
267966
267967
267968
267969
267970
267971
267972
267973
267974
267975
267976
267977
267978
267979
267980
267981
267982
267983
267984
267985
267986
267987
267988
267989
267990
267991
267992
267993
267994
267995
267996
267997
267998
267999
268000
268001
268002
268003
268004
268005
268006
268007
268008
268009
268010
268011
268012
268013
268014
268015
268016
268017
268018
268019
268020
268021
268022
268023
268024
268025
268026
268027
268028
268029
268030
268031
268032
268033
268034
268035
268036
268037
268038
268039
268040
268041
268042
268043
268044
268045
268046
268047
268048
268049
268050
268051
268052
268053
268054
268055
268056
268057
268058
268059
268060
268061
268062
268063
268064
268065
268066
268067
268068
268069
268070
268071
268072
268073
268074
268075
268076
268077
268078
268079
268080
268081
268082
268083
268084
268085
268086
268087
268088
268089
268090
268091
268092
268093
268094
268095
268096
268097
268098
268099
268100
268101
268102
268103
268104
268105
268106
268107
268108
268109
268110
268111
268112
268113
268114
268115
268116
268117
268118
268119
268120
268121
268122
268123
268124
268125
268126
268127
268128
268129
268130
268131
268132
268133
268134
268135
268136
268137
268138
268139
268140
268141
268142
268143
268144
268145
268146
268147
268148
268149
268150
268151
268152
268153
268154
268155
268156
268157
268158
268159
268160
268161
268162
268163
268164
268165
268166
268167
268168
268169
268170
268171
268172
268173
268174
268175
268176
268177
268178
268179
268180
268181
268182
268183
268184
268185
268186
268187
268188
268189
268190
268191
268192
268193
268194
268195
268196
268197
268198
268199
268200
268201
268202
268203
268204
268205
268206
268207
268208
268209
268210
268211
268212
268213
268214
268215
268216
268217
268218
268219
268220
268221
268222
268223
268224
268225
268226
268227
268228
268229
268230
268231
268232
268233
268234
268235
268236
268237
268238
268239
268240
268241
268242
268243
268244
268245
268246
268247
268248
268249
268250
268251
268252
268253
268254
268255
268256
268257
268258
268259
268260
268261
268262
268263
268264
268265
268266
268267
268268
268269
268270
268271
268272
268273
268274
268275
268276
268277
268278
268279
268280
268281
268282
268283
268284
268285
268286
268287
268288
268289
268290
268291
268292
268293
268294
268295
268296
268297
268298
268299
268300
268301
268302
268303
268304
268305
268306
268307
268308
268309
268310
268311
268312
268313
268314
268315
268316
268317
268318
268319
268320
268321
268322
268323
268324
268325
268326
268327
268328
268329
268330
268331
268332
268333
268334
268335
268336
268337
268338
268339
268340
268341
268342
268343
268344
268345
268346
268347
268348
268349
268350
268351
268352
268353
268354
268355
268356
268357
268358
268359
268360
268361
268362
268363
268364
268365
268366
268367
268368
268369
268370
268371
268372
268373
268374
268375
268376
268377
268378
268379
268380
268381
268382
268383
268384
268385
268386
268387
268388
268389
268390
268391
268392
268393
268394
268395
268396
268397
268398
268399
268400
268401
268402
268403
268404
268405
268406
268407
268408
268409
268410
268411
268412
268413
268414
268415
268416
268417
268418
268419
268420
268421
268422
268423
268424
268425
268426
268427
268428
268429
268430
268431
268432
268433
268434
268435
268436
268437
268438
268439
268440
268441
268442
268443
268444
268445
268446
268447
268448
268449
268450
268451
268452
268453
268454
268455
268456
268457
268458
268459
268460
268461
268462
268463
268464
268465
268466
268467
268468
268469
268470
268471
268472
268473
268474
268475
268476
268477
268478
268479
268480
268481
268482
268483
268484
268485
268486
268487
268488
268489
268490
268491
268492
268493
268494
268495
268496
268497
268498
268499
268500
268501
268502
268503
268504
268505
268506
268507
268508
268509
268510
268511
268512
268513
268514
268515
268516
268517
268518
268519
268520
268521
268522
268523
268524
268525
268526
268527
268528
268529
268530
268531
268532
268533
268534
268535
268536
268537
268538
268539
268540
268541
268542
268543
268544
268545
268546
268547
268548
268549
268550
268551
268552
268553
268554
268555
268556
268557
268558
268559
268560
268561
268562
268563
268564
268565
268566
268567
268568
268569
268570
268571
268572
268573
268574
268575
268576
268577
268578
268579
268580
268581
268582
268583
268584
268585
268586
268587
268588
268589
268590
268591
268592
268593
268594
268595
268596
268597
268598
268599
268600
268601
268602
268603
268604
268605
268606
268607
268608
268609
268610
268611
268612
268613
268614
268615
268616
268617
268618
268619
268620
268621
268622
268623
268624
268625
268626
268627
268628
268629
268630
268631
268632
268633
268634
268635
268636
268637
268638
268639
268640
268641
268642
268643
268644
268645
268646
268647
268648
268649
268650
268651
268652
268653
268654
268655
268656
268657
268658
268659
268660
268661
268662
268663
268664
268665
268666
268667
268668
268669
268670
268671
268672
268673
268674
268675
268676
268677
268678
268679
268680
268681
268682
268683
268684
268685
268686
268687
268688
268689
268690
268691
268692
268693
268694
268695
268696
268697
268698
268699
268700
268701
268702
268703
268704
268705
268706
268707
268708
268709
268710
268711
268712
268713
268714
268715
268716
268717
268718
268719
268720
268721
268722
268723
268724
268725
268726
268727
268728
268729
268730
268731
268732
268733
268734
268735
268736
268737
268738
268739
268740
268741
268742
268743
268744
268745
268746
268747
268748
268749
268750
268751
268752
268753
268754
268755
268756
268757
268758
268759
268760
268761
268762
268763
268764
268765
268766
268767
268768
268769
268770
268771
268772
268773
268774
268775
268776
268777
268778
268779
268780
268781
268782
268783
268784
268785
268786
268787
268788
268789
268790
268791
268792
268793
268794
268795
268796
268797
268798
268799
268800
268801
268802
268803
268804
268805
268806
268807
268808
268809
268810
268811
268812
268813
268814
268815
268816
268817
268818
268819
268820
268821
268822
268823
268824
268825
268826
268827
268828
268829
268830
268831
268832
268833
268834
268835
268836
268837
268838
268839
268840
268841
268842
268843
268844
268845
268846
268847
268848
268849
268850
268851
268852
268853
268854
268855
268856
268857
268858
268859
268860
268861
268862
268863
268864
268865
268866
268867
268868
268869
268870
268871
268872
268873
268874
268875
268876
268877
268878
268879
268880
268881
268882
268883
268884
268885
268886
268887
268888
268889
268890
268891
268892
268893
268894
268895
268896
268897
268898
268899
268900
268901
268902
268903
268904
268905
268906
268907
268908
268909
268910
268911
268912
268913
268914
268915
268916
268917
268918
268919
268920
268921
268922
268923
268924
268925
268926
268927
268928
268929
268930
268931
268932
268933
268934
268935
268936
268937
268938
268939
268940
268941
268942
268943
268944
268945
268946
268947
268948
268949
268950
268951
268952
268953
268954
268955
268956
268957
268958
268959
268960
268961
268962
268963
268964
268965
268966
268967
268968
268969
268970
268971
268972
268973
268974
268975
268976
268977
268978
268979
268980
268981
268982
268983
268984
268985
268986
268987
268988
268989
268990
268991
268992
268993
268994
268995
268996
268997
268998
268999
269000
269001
269002
269003
269004
269005
269006
269007
269008
269009
269010
269011
269012
269013
269014
269015
269016
269017
269018
269019
269020
269021
269022
269023
269024
269025
269026
269027
269028
269029
269030
269031
269032
269033
269034
269035
269036
269037
269038
269039
269040
269041
269042
269043
269044
269045
269046
269047
269048
269049
269050
269051
269052
269053
269054
269055
269056
269057
269058
269059
269060
269061
269062
269063
269064
269065
269066
269067
269068
269069
269070
269071
269072
269073
269074
269075
269076
269077
269078
269079
269080
269081
269082
269083
269084
269085
269086
269087
269088
269089
269090
269091
269092
269093
269094
269095
269096
269097
269098
269099
269100
269101
269102
269103
269104
269105
269106
269107
269108
269109
269110
269111
269112
269113
269114
269115
269116
269117
269118
269119
269120
269121
269122
269123
269124
269125
269126
269127
269128
269129
269130
269131
269132
269133
269134
269135
269136
269137
269138
269139
269140
269141
269142
269143
269144
269145
269146
269147
269148
269149
269150
269151
269152
269153
269154
269155
269156
269157
269158
269159
269160
269161
269162
269163
269164
269165
269166
269167
269168
269169
269170
269171
269172
269173
269174
269175
269176
269177
269178
269179
269180
269181
269182
269183
269184
269185
269186
269187
269188
269189
269190
269191
269192
269193
269194
269195
269196
269197
269198
269199
269200
269201
269202
269203
269204
269205
269206
269207
269208
269209
269210
269211
269212
269213
269214
269215
269216
269217
269218
269219
269220
269221
269222
269223
269224
269225
269226
269227
269228
269229
269230
269231
269232
269233
269234
269235
269236
269237
269238
269239
269240
269241
269242
269243
269244
269245
269246
269247
269248
269249
269250
269251
269252
269253
269254
269255
269256
269257
269258
269259
269260
269261
269262
269263
269264
269265
269266
269267
269268
269269
269270
269271
269272
269273
269274
269275
269276
269277
269278
269279
269280
269281
269282
269283
269284
269285
269286
269287
269288
269289
269290
269291
269292
269293
269294
269295
269296
269297
269298
269299
269300
269301
269302
269303
269304
269305
269306
269307
269308
269309
269310
269311
269312
269313
269314
269315
269316
269317
269318
269319
269320
269321
269322
269323
269324
269325
269326
269327
269328
269329
269330
269331
269332
269333
269334
269335
269336
269337
269338
269339
269340
269341
269342
269343
269344
269345
269346
269347
269348
269349
269350
269351
269352
269353
269354
269355
269356
269357
269358
269359
269360
269361
269362
269363
269364
269365
269366
269367
269368
269369
269370
269371
269372
269373
269374
269375
269376
269377
269378
269379
269380
269381
269382
269383
269384
269385
269386
269387
269388
269389
269390
269391
269392
269393
269394
269395
269396
269397
269398
269399
269400
269401
269402
269403
269404
269405
269406
269407
269408
269409
269410
269411
269412
269413
269414
269415
269416
269417
269418
269419
269420
269421
269422
269423
269424
269425
269426
269427
269428
269429
269430
269431
269432
269433
269434
269435
269436
269437
269438
269439
269440
269441
269442
269443
269444
269445
269446
269447
269448
269449
269450
269451
269452
269453
269454
269455
269456
269457
269458
269459
269460
269461
269462
269463
269464
269465
269466
269467
269468
269469
269470
269471
269472
269473
269474
269475
269476
269477
269478
269479
269480
269481
269482
269483
269484
269485
269486
269487
269488
269489
269490
269491
269492
269493
269494
269495
269496
269497
269498
269499
269500
269501
269502
269503
269504
269505
269506
269507
269508
269509
269510
269511
269512
269513
269514
269515
269516
269517
269518
269519
269520
269521
269522
269523
269524
269525
269526
269527
269528
269529
269530
269531
269532
269533
269534
269535
269536
269537
269538
269539
269540
269541
269542
269543
269544
269545
269546
269547
269548
269549
269550
269551
269552
269553
269554
269555
269556
269557
269558
269559
269560
269561
269562
269563
269564
269565
269566
269567
269568
269569
269570
269571
269572
269573
269574
269575
269576
269577
269578
269579
269580
269581
269582
269583
269584
269585
269586
269587
269588
269589
269590
269591
269592
269593
269594
269595
269596
269597
269598
269599
269600
269601
269602
269603
269604
269605
269606
269607
269608
269609
269610
269611
269612
269613
269614
269615
269616
269617
269618
269619
269620
269621
269622
269623
269624
269625
269626
269627
269628
269629
269630
269631
269632
269633
269634
269635
269636
269637
269638
269639
269640
269641
269642
269643
269644
269645
269646
269647
269648
269649
269650
269651
269652
269653
269654
269655
269656
269657
269658
269659
269660
269661
269662
269663
269664
269665
269666
269667
269668
269669
269670
269671
269672
269673
269674
269675
269676
269677
269678
269679
269680
269681
269682
269683
269684
269685
269686
269687
269688
269689
269690
269691
269692
269693
269694
269695
269696
269697
269698
269699
269700
269701
269702
269703
269704
269705
269706
269707
269708
269709
269710
269711
269712
269713
269714
269715
269716
269717
269718
269719
269720
269721
269722
269723
269724
269725
269726
269727
269728
269729
269730
269731
269732
269733
269734
269735
269736
269737
269738
269739
269740
269741
269742
269743
269744
269745
269746
269747
269748
269749
269750
269751
269752
269753
269754
269755
269756
269757
269758
269759
269760
269761
269762
269763
269764
269765
269766
269767
269768
269769
269770
269771
269772
269773
269774
269775
269776
269777
269778
269779
269780
269781
269782
269783
269784
269785
269786
269787
269788
269789
269790
269791
269792
269793
269794
269795
269796
269797
269798
269799
269800
269801
269802
269803
269804
269805
269806
269807
269808
269809
269810
269811
269812
269813
269814
269815
269816
269817
269818
269819
269820
269821
269822
269823
269824
269825
269826
269827
269828
269829
269830
269831
269832
269833
269834
269835
269836
269837
269838
269839
269840
269841
269842
269843
269844
269845
269846
269847
269848
269849
269850
269851
269852
269853
269854
269855
269856
269857
269858
269859
269860
269861
269862
269863
269864
269865
269866
269867
269868
269869
269870
269871
269872
269873
269874
269875
269876
269877
269878
269879
269880
269881
269882
269883
269884
269885
269886
269887
269888
269889
269890
269891
269892
269893
269894
269895
269896
269897
269898
269899
269900
269901
269902
269903
269904
269905
269906
269907
269908
269909
269910
269911
269912
269913
269914
269915
269916
269917
269918
269919
269920
269921
269922
269923
269924
269925
269926
269927
269928
269929
269930
269931
269932
269933
269934
269935
269936
269937
269938
269939
269940
269941
269942
269943
269944
269945
269946
269947
269948
269949
269950
269951
269952
269953
269954
269955
269956
269957
269958
269959
269960
269961
269962
269963
269964
269965
269966
269967
269968
269969
269970
269971
269972
269973
269974
269975
269976
269977
269978
269979
269980
269981
269982
269983
269984
269985
269986
269987
269988
269989
269990
269991
269992
269993
269994
269995
269996
269997
269998
269999
