285000
285001
285002
285003
285004
285005
285006
285007
285008
285009
285010
285011
285012
285013
285014
285015
285016
285017
285018
285019
285020
285021
285022
285023
285024
285025
285026
285027
285028
285029
285030
285031
285032
285033
285034
285035
285036
285037
285038
285039
285040
285041
285042
285043
285044
285045
285046
285047
285048
285049
285050
285051
285052
285053
285054
285055
285056
285057
285058
285059
285060
285061
285062
285063
285064
285065
285066
285067
285068
285069
285070
285071
285072
285073
285074
285075
285076
285077
285078
285079
285080
285081
285082
285083
285084
285085
285086
285087
285088
285089
285090
285091
285092
285093
285094
285095
285096
285097
285098
285099
285100
285101
285102
285103
285104
285105
285106
285107
285108
285109
285110
285111
285112
285113
285114
285115
285116
285117
285118
285119
285120
285121
285122
285123
285124
285125
285126
285127
285128
285129
285130
285131
285132
285133
285134
285135
285136
285137
285138
285139
285140
285141
285142
285143
285144
285145
285146
285147
285148
285149
285150
285151
285152
285153
285154
285155
285156
285157
285158
285159
285160
285161
285162
285163
285164
285165
285166
285167
285168
285169
285170
285171
285172
285173
285174
285175
285176
285177
285178
285179
285180
285181
285182
285183
285184
285185
285186
285187
285188
285189
285190
285191
285192
285193
285194
285195
285196
285197
285198
285199
285200
285201
285202
285203
285204
285205
285206
285207
285208
285209
285210
285211
285212
285213
285214
285215
285216
285217
285218
285219
285220
285221
285222
285223
285224
285225
285226
285227
285228
285229
285230
285231
285232
285233
285234
285235
285236
285237
285238
285239
285240
285241
285242
285243
285244
285245
285246
285247
285248
285249
285250
285251
285252
285253
285254
285255
285256
285257
285258
285259
285260
285261
285262
285263
285264
285265
285266
285267
285268
285269
285270
285271
285272
285273
285274
285275
285276
285277
285278
285279
285280
285281
285282
285283
285284
285285
285286
285287
285288
285289
285290
285291
285292
285293
285294
285295
285296
285297
285298
285299
285300
285301
285302
285303
285304
285305
285306
285307
285308
285309
285310
285311
285312
285313
285314
285315
285316
285317
285318
285319
285320
285321
285322
285323
285324
285325
285326
285327
285328
285329
285330
285331
285332
285333
285334
285335
285336
285337
285338
285339
285340
285341
285342
285343
285344
285345
285346
285347
285348
285349
285350
285351
285352
285353
285354
285355
285356
285357
285358
285359
285360
285361
285362
285363
285364
285365
285366
285367
285368
285369
285370
285371
285372
285373
285374
285375
285376
285377
285378
285379
285380
285381
285382
285383
285384
285385
285386
285387
285388
285389
285390
285391
285392
285393
285394
285395
285396
285397
285398
285399
285400
285401
285402
285403
285404
285405
285406
285407
285408
285409
285410
285411
285412
285413
285414
285415
285416
285417
285418
285419
285420
285421
285422
285423
285424
285425
285426
285427
285428
285429
285430
285431
285432
285433
285434
285435
285436
285437
285438
285439
285440
285441
285442
285443
285444
285445
285446
285447
285448
285449
285450
285451
285452
285453
285454
285455
285456
285457
285458
285459
285460
285461
285462
285463
285464
285465
285466
285467
285468
285469
285470
285471
285472
285473
285474
285475
285476
285477
285478
285479
285480
285481
285482
285483
285484
285485
285486
285487
285488
285489
285490
285491
285492
285493
285494
285495
285496
285497
285498
285499
285500
285501
285502
285503
285504
285505
285506
285507
285508
285509
285510
285511
285512
285513
285514
285515
285516
285517
285518
285519
285520
285521
285522
285523
285524
285525
285526
285527
285528
285529
285530
285531
285532
285533
285534
285535
285536
285537
285538
285539
285540
285541
285542
285543
285544
285545
285546
285547
285548
285549
285550
285551
285552
285553
285554
285555
285556
285557
285558
285559
285560
285561
285562
285563
285564
285565
285566
285567
285568
285569
285570
285571
285572
285573
285574
285575
285576
285577
285578
285579
285580
285581
285582
285583
285584
285585
285586
285587
285588
285589
285590
285591
285592
285593
285594
285595
285596
285597
285598
285599
285600
285601
285602
285603
285604
285605
285606
285607
285608
285609
285610
285611
285612
285613
285614
285615
285616
285617
285618
285619
285620
285621
285622
285623
285624
285625
285626
285627
285628
285629
285630
285631
285632
285633
285634
285635
285636
285637
285638
285639
285640
285641
285642
285643
285644
285645
285646
285647
285648
285649
285650
285651
285652
285653
285654
285655
285656
285657
285658
285659
285660
285661
285662
285663
285664
285665
285666
285667
285668
285669
285670
285671
285672
285673
285674
285675
285676
285677
285678
285679
285680
285681
285682
285683
285684
285685
285686
285687
285688
285689
285690
285691
285692
285693
285694
285695
285696
285697
285698
285699
285700
285701
285702
285703
285704
285705
285706
285707
285708
285709
285710
285711
285712
285713
285714
285715
285716
285717
285718
285719
285720
285721
285722
285723
285724
285725
285726
285727
285728
285729
285730
285731
285732
285733
285734
285735
285736
285737
285738
285739
285740
285741
285742
285743
285744
285745
285746
285747
285748
285749
285750
285751
285752
285753
285754
285755
285756
285757
285758
285759
285760
285761
285762
285763
285764
285765
285766
285767
285768
285769
285770
285771
285772
285773
285774
285775
285776
285777
285778
285779
285780
285781
285782
285783
285784
285785
285786
285787
285788
285789
285790
285791
285792
285793
285794
285795
285796
285797
285798
285799
285800
285801
285802
285803
285804
285805
285806
285807
285808
285809
285810
285811
285812
285813
285814
285815
285816
285817
285818
285819
285820
285821
285822
285823
285824
285825
285826
285827
285828
285829
285830
285831
285832
285833
285834
285835
285836
285837
285838
285839
285840
285841
285842
285843
285844
285845
285846
285847
285848
285849
285850
285851
285852
285853
285854
285855
285856
285857
285858
285859
285860
285861
285862
285863
285864
285865
285866
285867
285868
285869
285870
285871
285872
285873
285874
285875
285876
285877
285878
285879
285880
285881
285882
285883
285884
285885
285886
285887
285888
285889
285890
285891
285892
285893
285894
285895
285896
285897
285898
285899
285900
285901
285902
285903
285904
285905
285906
285907
285908
285909
285910
285911
285912
285913
285914
285915
285916
285917
285918
285919
285920
285921
285922
285923
285924
285925
285926
285927
285928
285929
285930
285931
285932
285933
285934
285935
285936
285937
285938
285939
285940
285941
285942
285943
285944
285945
285946
285947
285948
285949
285950
285951
285952
285953
285954
285955
285956
285957
285958
285959
285960
285961
285962
285963
285964
285965
285966
285967
285968
285969
285970
285971
285972
285973
285974
285975
285976
285977
285978
285979
285980
285981
285982
285983
285984
285985
285986
285987
285988
285989
285990
285991
285992
285993
285994
285995
285996
285997
285998
285999
286000
286001
286002
286003
286004
286005
286006
286007
286008
286009
286010
286011
286012
286013
286014
286015
286016
286017
286018
286019
286020
286021
286022
286023
286024
286025
286026
286027
286028
286029
286030
286031
286032
286033
286034
286035
286036
286037
286038
286039
286040
286041
286042
286043
286044
286045
286046
286047
286048
286049
286050
286051
286052
286053
286054
286055
286056
286057
286058
286059
286060
286061
286062
286063
286064
286065
286066
286067
286068
286069
286070
286071
286072
286073
286074
286075
286076
286077
286078
286079
286080
286081
286082
286083
286084
286085
286086
286087
286088
286089
286090
286091
286092
286093
286094
286095
286096
286097
286098
286099
286100
286101
286102
286103
286104
286105
286106
286107
286108
286109
286110
286111
286112
286113
286114
286115
286116
286117
286118
286119
286120
286121
286122
286123
286124
286125
286126
286127
286128
286129
286130
286131
286132
286133
286134
286135
286136
286137
286138
286139
286140
286141
286142
286143
286144
286145
286146
286147
286148
286149
286150
286151
286152
286153
286154
286155
286156
286157
286158
286159
286160
286161
286162
286163
286164
286165
286166
286167
286168
286169
286170
286171
286172
286173
286174
286175
286176
286177
286178
286179
286180
286181
286182
286183
286184
286185
286186
286187
286188
286189
286190
286191
286192
286193
286194
286195
286196
286197
286198
286199
286200
286201
286202
286203
286204
286205
286206
286207
286208
286209
286210
286211
286212
286213
286214
286215
286216
286217
286218
286219
286220
286221
286222
286223
286224
286225
286226
286227
286228
286229
286230
286231
286232
286233
286234
286235
286236
286237
286238
286239
286240
286241
286242
286243
286244
286245
286246
286247
286248
286249
286250
286251
286252
286253
286254
286255
286256
286257
286258
286259
286260
286261
286262
286263
286264
286265
286266
286267
286268
286269
286270
286271
286272
286273
286274
286275
286276
286277
286278
286279
286280
286281
286282
286283
286284
286285
286286
286287
286288
286289
286290
286291
286292
286293
286294
286295
286296
286297
286298
286299
286300
286301
286302
286303
286304
286305
286306
286307
286308
286309
286310
286311
286312
286313
286314
286315
286316
286317
286318
286319
286320
286321
286322
286323
286324
286325
286326
286327
286328
286329
286330
286331
286332
286333
286334
286335
286336
286337
286338
286339
286340
286341
286342
286343
286344
286345
286346
286347
286348
286349
286350
286351
286352
286353
286354
286355
286356
286357
286358
286359
286360
286361
286362
286363
286364
286365
286366
286367
286368
286369
286370
286371
286372
286373
286374
286375
286376
286377
286378
286379
286380
286381
286382
286383
286384
286385
286386
286387
286388
286389
286390
286391
286392
286393
286394
286395
286396
286397
286398
286399
286400
286401
286402
286403
286404
286405
286406
286407
286408
286409
286410
286411
286412
286413
286414
286415
286416
286417
286418
286419
286420
286421
286422
286423
286424
286425
286426
286427
286428
286429
286430
286431
286432
286433
286434
286435
286436
286437
286438
286439
286440
286441
286442
286443
286444
286445
286446
286447
286448
286449
286450
286451
286452
286453
286454
286455
286456
286457
286458
286459
286460
286461
286462
286463
286464
286465
286466
286467
286468
286469
286470
286471
286472
286473
286474
286475
286476
286477
286478
286479
286480
286481
286482
286483
286484
286485
286486
286487
286488
286489
286490
286491
286492
286493
286494
286495
286496
286497
286498
286499
286500
286501
286502
286503
286504
286505
286506
286507
286508
286509
286510
286511
286512
286513
286514
286515
286516
286517
286518
286519
286520
286521
286522
286523
286524
286525
286526
286527
286528
286529
286530
286531
286532
286533
286534
286535
286536
286537
286538
286539
286540
286541
286542
286543
286544
286545
286546
286547
286548
286549
286550
286551
286552
286553
286554
286555
286556
286557
286558
286559
286560
286561
286562
286563
286564
286565
286566
286567
286568
286569
286570
286571
286572
286573
286574
286575
286576
286577
286578
286579
286580
286581
286582
286583
286584
286585
286586
286587
286588
286589
286590
286591
286592
286593
286594
286595
286596
286597
286598
286599
286600
286601
286602
286603
286604
286605
286606
286607
286608
286609
286610
286611
286612
286613
286614
286615
286616
286617
286618
286619
286620
286621
286622
286623
286624
286625
286626
286627
286628
286629
286630
286631
286632
286633
286634
286635
286636
286637
286638
286639
286640
286641
286642
286643
286644
286645
286646
286647
286648
286649
286650
286651
286652
286653
286654
286655
286656
286657
286658
286659
286660
286661
286662
286663
286664
286665
286666
286667
286668
286669
286670
286671
286672
286673
286674
286675
286676
286677
286678
286679
286680
286681
286682
286683
286684
286685
286686
286687
286688
286689
286690
286691
286692
286693
286694
286695
286696
286697
286698
286699
286700
286701
286702
286703
286704
286705
286706
286707
286708
286709
286710
286711
286712
286713
286714
286715
286716
286717
286718
286719
286720
286721
286722
286723
286724
286725
286726
286727
286728
286729
286730
286731
286732
286733
286734
286735
286736
286737
286738
286739
286740
286741
286742
286743
286744
286745
286746
286747
286748
286749
286750
286751
286752
286753
286754
286755
286756
286757
286758
286759
286760
286761
286762
286763
286764
286765
286766
286767
286768
286769
286770
286771
286772
286773
286774
286775
286776
286777
286778
286779
286780
286781
286782
286783
286784
286785
286786
286787
286788
286789
286790
286791
286792
286793
286794
286795
286796
286797
286798
286799
286800
286801
286802
286803
286804
286805
286806
286807
286808
286809
286810
286811
286812
286813
286814
286815
286816
286817
286818
286819
286820
286821
286822
286823
286824
286825
286826
286827
286828
286829
286830
286831
286832
286833
286834
286835
286836
286837
286838
286839
286840
286841
286842
286843
286844
286845
286846
286847
286848
286849
286850
286851
286852
286853
286854
286855
286856
286857
286858
286859
286860
286861
286862
286863
286864
286865
286866
286867
286868
286869
286870
286871
286872
286873
286874
286875
286876
286877
286878
286879
286880
286881
286882
286883
286884
286885
286886
286887
286888
286889
286890
286891
286892
286893
286894
286895
286896
286897
286898
286899
286900
286901
286902
286903
286904
286905
286906
286907
286908
286909
286910
286911
286912
286913
286914
286915
286916
286917
286918
286919
286920
286921
286922
286923
286924
286925
286926
286927
286928
286929
286930
286931
286932
286933
286934
286935
286936
286937
286938
286939
286940
286941
286942
286943
286944
286945
286946
286947
286948
286949
286950
286951
286952
286953
286954
286955
286956
286957
286958
286959
286960
286961
286962
286963
286964
286965
286966
286967
286968
286969
286970
286971
286972
286973
286974
286975
286976
286977
286978
286979
286980
286981
286982
286983
286984
286985
286986
286987
286988
286989
286990
286991
286992
286993
286994
286995
286996
286997
286998
286999
287000
287001
287002
287003
287004
287005
287006
287007
287008
287009
287010
287011
287012
287013
287014
287015
287016
287017
287018
287019
287020
287021
287022
287023
287024
287025
287026
287027
287028
287029
287030
287031
287032
287033
287034
287035
287036
287037
287038
287039
287040
287041
287042
287043
287044
287045
287046
287047
287048
287049
287050
287051
287052
287053
287054
287055
287056
287057
287058
287059
287060
287061
287062
287063
287064
287065
287066
287067
287068
287069
287070
287071
287072
287073
287074
287075
287076
287077
287078
287079
287080
287081
287082
287083
287084
287085
287086
287087
287088
287089
287090
287091
287092
287093
287094
287095
287096
287097
287098
287099
287100
287101
287102
287103
287104
287105
287106
287107
287108
287109
287110
287111
287112
287113
287114
287115
287116
287117
287118
287119
287120
287121
287122
287123
287124
287125
287126
287127
287128
287129
287130
287131
287132
287133
287134
287135
287136
287137
287138
287139
287140
287141
287142
287143
287144
287145
287146
287147
287148
287149
287150
287151
287152
287153
287154
287155
287156
287157
287158
287159
287160
287161
287162
287163
287164
287165
287166
287167
287168
287169
287170
287171
287172
287173
287174
287175
287176
287177
287178
287179
287180
287181
287182
287183
287184
287185
287186
287187
287188
287189
287190
287191
287192
287193
287194
287195
287196
287197
287198
287199
287200
287201
287202
287203
287204
287205
287206
287207
287208
287209
287210
287211
287212
287213
287214
287215
287216
287217
287218
287219
287220
287221
287222
287223
287224
287225
287226
287227
287228
287229
287230
287231
287232
287233
287234
287235
287236
287237
287238
287239
287240
287241
287242
287243
287244
287245
287246
287247
287248
287249
287250
287251
287252
287253
287254
287255
287256
287257
287258
287259
287260
287261
287262
287263
287264
287265
287266
287267
287268
287269
287270
287271
287272
287273
287274
287275
287276
287277
287278
287279
287280
287281
287282
287283
287284
287285
287286
287287
287288
287289
287290
287291
287292
287293
287294
287295
287296
287297
287298
287299
287300
287301
287302
287303
287304
287305
287306
287307
287308
287309
287310
287311
287312
287313
287314
287315
287316
287317
287318
287319
287320
287321
287322
287323
287324
287325
287326
287327
287328
287329
287330
287331
287332
287333
287334
287335
287336
287337
287338
287339
287340
287341
287342
287343
287344
287345
287346
287347
287348
287349
287350
287351
287352
287353
287354
287355
287356
287357
287358
287359
287360
287361
287362
287363
287364
287365
287366
287367
287368
287369
287370
287371
287372
287373
287374
287375
287376
287377
287378
287379
287380
287381
287382
287383
287384
287385
287386
287387
287388
287389
287390
287391
287392
287393
287394
287395
287396
287397
287398
287399
287400
287401
287402
287403
287404
287405
287406
287407
287408
287409
287410
287411
287412
287413
287414
287415
287416
287417
287418
287419
287420
287421
287422
287423
287424
287425
287426
287427
287428
287429
287430
287431
287432
287433
287434
287435
287436
287437
287438
287439
287440
287441
287442
287443
287444
287445
287446
287447
287448
287449
287450
287451
287452
287453
287454
287455
287456
287457
287458
287459
287460
287461
287462
287463
287464
287465
287466
287467
287468
287469
287470
287471
287472
287473
287474
287475
287476
287477
287478
287479
287480
287481
287482
287483
287484
287485
287486
287487
287488
287489
287490
287491
287492
287493
287494
287495
287496
287497
287498
287499
287500
287501
287502
287503
287504
287505
287506
287507
287508
287509
287510
287511
287512
287513
287514
287515
287516
287517
287518
287519
287520
287521
287522
287523
287524
287525
287526
287527
287528
287529
287530
287531
287532
287533
287534
287535
287536
287537
287538
287539
287540
287541
287542
287543
287544
287545
287546
287547
287548
287549
287550
287551
287552
287553
287554
287555
287556
287557
287558
287559
287560
287561
287562
287563
287564
287565
287566
287567
287568
287569
287570
287571
287572
287573
287574
287575
287576
287577
287578
287579
287580
287581
287582
287583
287584
287585
287586
287587
287588
287589
287590
287591
287592
287593
287594
287595
287596
287597
287598
287599
287600
287601
287602
287603
287604
287605
287606
287607
287608
287609
287610
287611
287612
287613
287614
287615
287616
287617
287618
287619
287620
287621
287622
287623
287624
287625
287626
287627
287628
287629
287630
287631
287632
287633
287634
287635
287636
287637
287638
287639
287640
287641
287642
287643
287644
287645
287646
287647
287648
287649
287650
287651
287652
287653
287654
287655
287656
287657
287658
287659
287660
287661
287662
287663
287664
287665
287666
287667
287668
287669
287670
287671
287672
287673
287674
287675
287676
287677
287678
287679
287680
287681
287682
287683
287684
287685
287686
287687
287688
287689
287690
287691
287692
287693
287694
287695
287696
287697
287698
287699
287700
287701
287702
287703
287704
287705
287706
287707
287708
287709
287710
287711
287712
287713
287714
287715
287716
287717
287718
287719
287720
287721
287722
287723
287724
287725
287726
287727
287728
287729
287730
287731
287732
287733
287734
287735
287736
287737
287738
287739
287740
287741
287742
287743
287744
287745
287746
287747
287748
287749
287750
287751
287752
287753
287754
287755
287756
287757
287758
287759
287760
287761
287762
287763
287764
287765
287766
287767
287768
287769
287770
287771
287772
287773
287774
287775
287776
287777
287778
287779
287780
287781
287782
287783
287784
287785
287786
287787
287788
287789
287790
287791
287792
287793
287794
287795
287796
287797
287798
287799
287800
287801
287802
287803
287804
287805
287806
287807
287808
287809
287810
287811
287812
287813
287814
287815
287816
287817
287818
287819
287820
287821
287822
287823
287824
287825
287826
287827
287828
287829
287830
287831
287832
287833
287834
287835
287836
287837
287838
287839
287840
287841
287842
287843
287844
287845
287846
287847
287848
287849
287850
287851
287852
287853
287854
287855
287856
287857
287858
287859
287860
287861
287862
287863
287864
287865
287866
287867
287868
287869
287870
287871
287872
287873
287874
287875
287876
287877
287878
287879
287880
287881
287882
287883
287884
287885
287886
287887
287888
287889
287890
287891
287892
287893
287894
287895
287896
287897
287898
287899
287900
287901
287902
287903
287904
287905
287906
287907
287908
287909
287910
287911
287912
287913
287914
287915
287916
287917
287918
287919
287920
287921
287922
287923
287924
287925
287926
287927
287928
287929
287930
287931
287932
287933
287934
287935
287936
287937
287938
287939
287940
287941
287942
287943
287944
287945
287946
287947
287948
287949
287950
287951
287952
287953
287954
287955
287956
287957
287958
287959
287960
287961
287962
287963
287964
287965
287966
287967
287968
287969
287970
287971
287972
287973
287974
287975
287976
287977
287978
287979
287980
287981
287982
287983
287984
287985
287986
287987
287988
287989
287990
287991
287992
287993
287994
287995
287996
287997
287998
287999
288000
288001
288002
288003
288004
288005
288006
288007
288008
288009
288010
288011
288012
288013
288014
288015
288016
288017
288018
288019
288020
288021
288022
288023
288024
288025
288026
288027
288028
288029
288030
288031
288032
288033
288034
288035
288036
288037
288038
288039
288040
288041
288042
288043
288044
288045
288046
288047
288048
288049
288050
288051
288052
288053
288054
288055
288056
288057
288058
288059
288060
288061
288062
288063
288064
288065
288066
288067
288068
288069
288070
288071
288072
288073
288074
288075
288076
288077
288078
288079
288080
288081
288082
288083
288084
288085
288086
288087
288088
288089
288090
288091
288092
288093
288094
288095
288096
288097
288098
288099
288100
288101
288102
288103
288104
288105
288106
288107
288108
288109
288110
288111
288112
288113
288114
288115
288116
288117
288118
288119
288120
288121
288122
288123
288124
288125
288126
288127
288128
288129
288130
288131
288132
288133
288134
288135
288136
288137
288138
288139
288140
288141
288142
288143
288144
288145
288146
288147
288148
288149
288150
288151
288152
288153
288154
288155
288156
288157
288158
288159
288160
288161
288162
288163
288164
288165
288166
288167
288168
288169
288170
288171
288172
288173
288174
288175
288176
288177
288178
288179
288180
288181
288182
288183
288184
288185
288186
288187
288188
288189
288190
288191
288192
288193
288194
288195
288196
288197
288198
288199
288200
288201
288202
288203
288204
288205
288206
288207
288208
288209
288210
288211
288212
288213
288214
288215
288216
288217
288218
288219
288220
288221
288222
288223
288224
288225
288226
288227
288228
288229
288230
288231
288232
288233
288234
288235
288236
288237
288238
288239
288240
288241
288242
288243
288244
288245
288246
288247
288248
288249
288250
288251
288252
288253
288254
288255
288256
288257
288258
288259
288260
288261
288262
288263
288264
288265
288266
288267
288268
288269
288270
288271
288272
288273
288274
288275
288276
288277
288278
288279
288280
288281
288282
288283
288284
288285
288286
288287
288288
288289
288290
288291
288292
288293
288294
288295
288296
288297
288298
288299
288300
288301
288302
288303
288304
288305
288306
288307
288308
288309
288310
288311
288312
288313
288314
288315
288316
288317
288318
288319
288320
288321
288322
288323
288324
288325
288326
288327
288328
288329
288330
288331
288332
288333
288334
288335
288336
288337
288338
288339
288340
288341
288342
288343
288344
288345
288346
288347
288348
288349
288350
288351
288352
288353
288354
288355
288356
288357
288358
288359
288360
288361
288362
288363
288364
288365
288366
288367
288368
288369
288370
288371
288372
288373
288374
288375
288376
288377
288378
288379
288380
288381
288382
288383
288384
288385
288386
288387
288388
288389
288390
288391
288392
288393
288394
288395
288396
288397
288398
288399
288400
288401
288402
288403
288404
288405
288406
288407
288408
288409
288410
288411
288412
288413
288414
288415
288416
288417
288418
288419
288420
288421
288422
288423
288424
288425
288426
288427
288428
288429
288430
288431
288432
288433
288434
288435
288436
288437
288438
288439
288440
288441
288442
288443
288444
288445
288446
288447
288448
288449
288450
288451
288452
288453
288454
288455
288456
288457
288458
288459
288460
288461
288462
288463
288464
288465
288466
288467
288468
288469
288470
288471
288472
288473
288474
288475
288476
288477
288478
288479
288480
288481
288482
288483
288484
288485
288486
288487
288488
288489
288490
288491
288492
288493
288494
288495
288496
288497
288498
288499
288500
288501
288502
288503
288504
288505
288506
288507
288508
288509
288510
288511
288512
288513
288514
288515
288516
288517
288518
288519
288520
288521
288522
288523
288524
288525
288526
288527
288528
288529
288530
288531
288532
288533
288534
288535
288536
288537
288538
288539
288540
288541
288542
288543
288544
288545
288546
288547
288548
288549
288550
288551
288552
288553
288554
288555
288556
288557
288558
288559
288560
288561
288562
288563
288564
288565
288566
288567
288568
288569
288570
288571
288572
288573
288574
288575
288576
288577
288578
288579
288580
288581
288582
288583
288584
288585
288586
288587
288588
288589
288590
288591
288592
288593
288594
288595
288596
288597
288598
288599
288600
288601
288602
288603
288604
288605
288606
288607
288608
288609
288610
288611
288612
288613
288614
288615
288616
288617
288618
288619
288620
288621
288622
288623
288624
288625
288626
288627
288628
288629
288630
288631
288632
288633
288634
288635
288636
288637
288638
288639
288640
288641
288642
288643
288644
288645
288646
288647
288648
288649
288650
288651
288652
288653
288654
288655
288656
288657
288658
288659
288660
288661
288662
288663
288664
288665
288666
288667
288668
288669
288670
288671
288672
288673
288674
288675
288676
288677
288678
288679
288680
288681
288682
288683
288684
288685
288686
288687
288688
288689
288690
288691
288692
288693
288694
288695
288696
288697
288698
288699
288700
288701
288702
288703
288704
288705
288706
288707
288708
288709
288710
288711
288712
288713
288714
288715
288716
288717
288718
288719
288720
288721
288722
288723
288724
288725
288726
288727
288728
288729
288730
288731
288732
288733
288734
288735
288736
288737
288738
288739
288740
288741
288742
288743
288744
288745
288746
288747
288748
288749
288750
288751
288752
288753
288754
288755
288756
288757
288758
288759
288760
288761
288762
288763
288764
288765
288766
288767
288768
288769
288770
288771
288772
288773
288774
288775
288776
288777
288778
288779
288780
288781
288782
288783
288784
288785
288786
288787
288788
288789
288790
288791
288792
288793
288794
288795
288796
288797
288798
288799
288800
288801
288802
288803
288804
288805
288806
288807
288808
288809
288810
288811
288812
288813
288814
288815
288816
288817
288818
288819
288820
288821
288822
288823
288824
288825
288826
288827
288828
288829
288830
288831
288832
288833
288834
288835
288836
288837
288838
288839
288840
288841
288842
288843
288844
288845
288846
288847
288848
288849
288850
288851
288852
288853
288854
288855
288856
288857
288858
288859
288860
288861
288862
288863
288864
288865
288866
288867
288868
288869
288870
288871
288872
288873
288874
288875
288876
288877
288878
288879
288880
288881
288882
288883
288884
288885
288886
288887
288888
288889
288890
288891
288892
288893
288894
288895
288896
288897
288898
288899
288900
288901
288902
288903
288904
288905
288906
288907
288908
288909
288910
288911
288912
288913
288914
288915
288916
288917
288918
288919
288920
288921
288922
288923
288924
288925
288926
288927
288928
288929
288930
288931
288932
288933
288934
288935
288936
288937
288938
288939
288940
288941
288942
288943
288944
288945
288946
288947
288948
288949
288950
288951
288952
288953
288954
288955
288956
288957
288958
288959
288960
288961
288962
288963
288964
288965
288966
288967
288968
288969
288970
288971
288972
288973
288974
288975
288976
288977
288978
288979
288980
288981
288982
288983
288984
288985
288986
288987
288988
288989
288990
288991
288992
288993
288994
288995
288996
288997
288998
288999
289000
289001
289002
289003
289004
289005
289006
289007
289008
289009
289010
289011
289012
289013
289014
289015
289016
289017
289018
289019
289020
289021
289022
289023
289024
289025
289026
289027
289028
289029
289030
289031
289032
289033
289034
289035
289036
289037
289038
289039
289040
289041
289042
289043
289044
289045
289046
289047
289048
289049
289050
289051
289052
289053
289054
289055
289056
289057
289058
289059
289060
289061
289062
289063
289064
289065
289066
289067
289068
289069
289070
289071
289072
289073
289074
289075
289076
289077
289078
289079
289080
289081
289082
289083
289084
289085
289086
289087
289088
289089
289090
289091
289092
289093
289094
289095
289096
289097
289098
289099
289100
289101
289102
289103
289104
289105
289106
289107
289108
289109
289110
289111
289112
289113
289114
289115
289116
289117
289118
289119
289120
289121
289122
289123
289124
289125
289126
289127
289128
289129
289130
289131
289132
289133
289134
289135
289136
289137
289138
289139
289140
289141
289142
289143
289144
289145
289146
289147
289148
289149
289150
289151
289152
289153
289154
289155
289156
289157
289158
289159
289160
289161
289162
289163
289164
289165
289166
289167
289168
289169
289170
289171
289172
289173
289174
289175
289176
289177
289178
289179
289180
289181
289182
289183
289184
289185
289186
289187
289188
289189
289190
289191
289192
289193
289194
289195
289196
289197
289198
289199
289200
289201
289202
289203
289204
289205
289206
289207
289208
289209
289210
289211
289212
289213
289214
289215
289216
289217
289218
289219
289220
289221
289222
289223
289224
289225
289226
289227
289228
289229
289230
289231
289232
289233
289234
289235
289236
289237
289238
289239
289240
289241
289242
289243
289244
289245
289246
289247
289248
289249
289250
289251
289252
289253
289254
289255
289256
289257
289258
289259
289260
289261
289262
289263
289264
289265
289266
289267
289268
289269
289270
289271
289272
289273
289274
289275
289276
289277
289278
289279
289280
289281
289282
289283
289284
289285
289286
289287
289288
289289
289290
289291
289292
289293
289294
289295
289296
289297
289298
289299
289300
289301
289302
289303
289304
289305
289306
289307
289308
289309
289310
289311
289312
289313
289314
289315
289316
289317
289318
289319
289320
289321
289322
289323
289324
289325
289326
289327
289328
289329
289330
289331
289332
289333
289334
289335
289336
289337
289338
289339
289340
289341
289342
289343
289344
289345
289346
289347
289348
289349
289350
289351
289352
289353
289354
289355
289356
289357
289358
289359
289360
289361
289362
289363
289364
289365
289366
289367
289368
289369
289370
289371
289372
289373
289374
289375
289376
289377
289378
289379
289380
289381
289382
289383
289384
289385
289386
289387
289388
289389
289390
289391
289392
289393
289394
289395
289396
289397
289398
289399
289400
289401
289402
289403
289404
289405
289406
289407
289408
289409
289410
289411
289412
289413
289414
289415
289416
289417
289418
289419
289420
289421
289422
289423
289424
289425
289426
289427
289428
289429
289430
289431
289432
289433
289434
289435
289436
289437
289438
289439
289440
289441
289442
289443
289444
289445
289446
289447
289448
289449
289450
289451
289452
289453
289454
289455
289456
289457
289458
289459
289460
289461
289462
289463
289464
289465
289466
289467
289468
289469
289470
289471
289472
289473
289474
289475
289476
289477
289478
289479
289480
289481
289482
289483
289484
289485
289486
289487
289488
289489
289490
289491
289492
289493
289494
289495
289496
289497
289498
289499
289500
289501
289502
289503
289504
289505
289506
289507
289508
289509
289510
289511
289512
289513
289514
289515
289516
289517
289518
289519
289520
289521
289522
289523
289524
289525
289526
289527
289528
289529
289530
289531
289532
289533
289534
289535
289536
289537
289538
289539
289540
289541
289542
289543
289544
289545
289546
289547
289548
289549
289550
289551
289552
289553
289554
289555
289556
289557
289558
289559
289560
289561
289562
289563
289564
289565
289566
289567
289568
289569
289570
289571
289572
289573
289574
289575
289576
289577
289578
289579
289580
289581
289582
289583
289584
289585
289586
289587
289588
289589
289590
289591
289592
289593
289594
289595
289596
289597
289598
289599
289600
289601
289602
289603
289604
289605
289606
289607
289608
289609
289610
289611
289612
289613
289614
289615
289616
289617
289618
289619
289620
289621
289622
289623
289624
289625
289626
289627
289628
289629
289630
289631
289632
289633
289634
289635
289636
289637
289638
289639
289640
289641
289642
289643
289644
289645
289646
289647
289648
289649
289650
289651
289652
289653
289654
289655
289656
289657
289658
289659
289660
289661
289662
289663
289664
289665
289666
289667
289668
289669
289670
289671
289672
289673
289674
289675
289676
289677
289678
289679
289680
289681
289682
289683
289684
289685
289686
289687
289688
289689
289690
289691
289692
289693
289694
289695
289696
289697
289698
289699
289700
289701
289702
289703
289704
289705
289706
289707
289708
289709
289710
289711
289712
289713
289714
289715
289716
289717
289718
289719
289720
289721
289722
289723
289724
289725
289726
289727
289728
289729
289730
289731
289732
289733
289734
289735
289736
289737
289738
289739
289740
289741
289742
289743
289744
289745
289746
289747
289748
289749
289750
289751
289752
289753
289754
289755
289756
289757
289758
289759
289760
289761
289762
289763
289764
289765
289766
289767
289768
289769
289770
289771
289772
289773
289774
289775
289776
289777
289778
289779
289780
289781
289782
289783
289784
289785
289786
289787
289788
289789
289790
289791
289792
289793
289794
289795
289796
289797
289798
289799
289800
289801
289802
289803
289804
289805
289806
289807
289808
289809
289810
289811
289812
289813
289814
289815
289816
289817
289818
289819
289820
289821
289822
289823
289824
289825
289826
289827
289828
289829
289830
289831
289832
289833
289834
289835
289836
289837
289838
289839
289840
289841
289842
289843
289844
289845
289846
289847
289848
289849
289850
289851
289852
289853
289854
289855
289856
289857
289858
289859
289860
289861
289862
289863
289864
289865
289866
289867
289868
289869
289870
289871
289872
289873
289874
289875
289876
289877
289878
289879
289880
289881
289882
289883
289884
289885
289886
289887
289888
289889
289890
289891
289892
289893
289894
289895
289896
289897
289898
289899
289900
289901
289902
289903
289904
289905
289906
289907
289908
289909
289910
289911
289912
289913
289914
289915
289916
289917
289918
289919
289920
289921
289922
289923
289924
289925
289926
289927
289928
289929
289930
289931
289932
289933
289934
289935
289936
289937
289938
289939
289940
289941
289942
289943
289944
289945
289946
289947
289948
289949
289950
289951
289952
289953
289954
289955
289956
289957
289958
289959
289960
289961
289962
289963
289964
289965
289966
289967
289968
289969
289970
289971
289972
289973
289974
289975
289976
289977
289978
289979
289980
289981
289982
289983
289984
289985
289986
289987
289988
289989
289990
289991
289992
289993
289994
289995
289996
289997
289998
289999
