345000
345001
345002
345003
345004
345005
345006
345007
345008
345009
345010
345011
345012
345013
345014
345015
345016
345017
345018
345019
345020
345021
345022
345023
345024
345025
345026
345027
345028
345029
345030
345031
345032
345033
345034
345035
345036
345037
345038
345039
345040
345041
345042
345043
345044
345045
345046
345047
345048
345049
345050
345051
345052
345053
345054
345055
345056
345057
345058
345059
345060
345061
345062
345063
345064
345065
345066
345067
345068
345069
345070
345071
345072
345073
345074
345075
345076
345077
345078
345079
345080
345081
345082
345083
345084
345085
345086
345087
345088
345089
345090
345091
345092
345093
345094
345095
345096
345097
345098
345099
345100
345101
345102
345103
345104
345105
345106
345107
345108
345109
345110
345111
345112
345113
345114
345115
345116
345117
345118
345119
345120
345121
345122
345123
345124
345125
345126
345127
345128
345129
345130
345131
345132
345133
345134
345135
345136
345137
345138
345139
345140
345141
345142
345143
345144
345145
345146
345147
345148
345149
345150
345151
345152
345153
345154
345155
345156
345157
345158
345159
345160
345161
345162
345163
345164
345165
345166
345167
345168
345169
345170
345171
345172
345173
345174
345175
345176
345177
345178
345179
345180
345181
345182
345183
345184
345185
345186
345187
345188
345189
345190
345191
345192
345193
345194
345195
345196
345197
345198
345199
345200
345201
345202
345203
345204
345205
345206
345207
345208
345209
345210
345211
345212
345213
345214
345215
345216
345217
345218
345219
345220
345221
345222
345223
345224
345225
345226
345227
345228
345229
345230
345231
345232
345233
345234
345235
345236
345237
345238
345239
345240
345241
345242
345243
345244
345245
345246
345247
345248
345249
345250
345251
345252
345253
345254
345255
345256
345257
345258
345259
345260
345261
345262
345263
345264
345265
345266
345267
345268
345269
345270
345271
345272
345273
345274
345275
345276
345277
345278
345279
345280
345281
345282
345283
345284
345285
345286
345287
345288
345289
345290
345291
345292
345293
345294
345295
345296
345297
345298
345299
345300
345301
345302
345303
345304
345305
345306
345307
345308
345309
345310
345311
345312
345313
345314
345315
345316
345317
345318
345319
345320
345321
345322
345323
345324
345325
345326
345327
345328
345329
345330
345331
345332
345333
345334
345335
345336
345337
345338
345339
345340
345341
345342
345343
345344
345345
345346
345347
345348
345349
345350
345351
345352
345353
345354
345355
345356
345357
345358
345359
345360
345361
345362
345363
345364
345365
345366
345367
345368
345369
345370
345371
345372
345373
345374
345375
345376
345377
345378
345379
345380
345381
345382
345383
345384
345385
345386
345387
345388
345389
345390
345391
345392
345393
345394
345395
345396
345397
345398
345399
345400
345401
345402
345403
345404
345405
345406
345407
345408
345409
345410
345411
345412
345413
345414
345415
345416
345417
345418
345419
345420
345421
345422
345423
345424
345425
345426
345427
345428
345429
345430
345431
345432
345433
345434
345435
345436
345437
345438
345439
345440
345441
345442
345443
345444
345445
345446
345447
345448
345449
345450
345451
345452
345453
345454
345455
345456
345457
345458
345459
345460
345461
345462
345463
345464
345465
345466
345467
345468
345469
345470
345471
345472
345473
345474
345475
345476
345477
345478
345479
345480
345481
345482
345483
345484
345485
345486
345487
345488
345489
345490
345491
345492
345493
345494
345495
345496
345497
345498
345499
345500
345501
345502
345503
345504
345505
345506
345507
345508
345509
345510
345511
345512
345513
345514
345515
345516
345517
345518
345519
345520
345521
345522
345523
345524
345525
345526
345527
345528
345529
345530
345531
345532
345533
345534
345535
345536
345537
345538
345539
345540
345541
345542
345543
345544
345545
345546
345547
345548
345549
345550
345551
345552
345553
345554
345555
345556
345557
345558
345559
345560
345561
345562
345563
345564
345565
345566
345567
345568
345569
345570
345571
345572
345573
345574
345575
345576
345577
345578
345579
345580
345581
345582
345583
345584
345585
345586
345587
345588
345589
345590
345591
345592
345593
345594
345595
345596
345597
345598
345599
345600
345601
345602
345603
345604
345605
345606
345607
345608
345609
345610
345611
345612
345613
345614
345615
345616
345617
345618
345619
345620
345621
345622
345623
345624
345625
345626
345627
345628
345629
345630
345631
345632
345633
345634
345635
345636
345637
345638
345639
345640
345641
345642
345643
345644
345645
345646
345647
345648
345649
345650
345651
345652
345653
345654
345655
345656
345657
345658
345659
345660
345661
345662
345663
345664
345665
345666
345667
345668
345669
345670
345671
345672
345673
345674
345675
345676
345677
345678
345679
345680
345681
345682
345683
345684
345685
345686
345687
345688
345689
345690
345691
345692
345693
345694
345695
345696
345697
345698
345699
345700
345701
345702
345703
345704
345705
345706
345707
345708
345709
345710
345711
345712
345713
345714
345715
345716
345717
345718
345719
345720
345721
345722
345723
345724
345725
345726
345727
345728
345729
345730
345731
345732
345733
345734
345735
345736
345737
345738
345739
345740
345741
345742
345743
345744
345745
345746
345747
345748
345749
345750
345751
345752
345753
345754
345755
345756
345757
345758
345759
345760
345761
345762
345763
345764
345765
345766
345767
345768
345769
345770
345771
345772
345773
345774
345775
345776
345777
345778
345779
345780
345781
345782
345783
345784
345785
345786
345787
345788
345789
345790
345791
345792
345793
345794
345795
345796
345797
345798
345799
345800
345801
345802
345803
345804
345805
345806
345807
345808
345809
345810
345811
345812
345813
345814
345815
345816
345817
345818
345819
345820
345821
345822
345823
345824
345825
345826
345827
345828
345829
345830
345831
345832
345833
345834
345835
345836
345837
345838
345839
345840
345841
345842
345843
345844
345845
345846
345847
345848
345849
345850
345851
345852
345853
345854
345855
345856
345857
345858
345859
345860
345861
345862
345863
345864
345865
345866
345867
345868
345869
345870
345871
345872
345873
345874
345875
345876
345877
345878
345879
345880
345881
345882
345883
345884
345885
345886
345887
345888
345889
345890
345891
345892
345893
345894
345895
345896
345897
345898
345899
345900
345901
345902
345903
345904
345905
345906
345907
345908
345909
345910
345911
345912
345913
345914
345915
345916
345917
345918
345919
345920
345921
345922
345923
345924
345925
345926
345927
345928
345929
345930
345931
345932
345933
345934
345935
345936
345937
345938
345939
345940
345941
345942
345943
345944
345945
345946
345947
345948
345949
345950
345951
345952
345953
345954
345955
345956
345957
345958
345959
345960
345961
345962
345963
345964
345965
345966
345967
345968
345969
345970
345971
345972
345973
345974
345975
345976
345977
345978
345979
345980
345981
345982
345983
345984
345985
345986
345987
345988
345989
345990
345991
345992
345993
345994
345995
345996
345997
345998
345999
346000
346001
346002
346003
346004
346005
346006
346007
346008
346009
346010
346011
346012
346013
346014
346015
346016
346017
346018
346019
346020
346021
346022
346023
346024
346025
346026
346027
346028
346029
346030
346031
346032
346033
346034
346035
346036
346037
346038
346039
346040
346041
346042
346043
346044
346045
346046
346047
346048
346049
346050
346051
346052
346053
346054
346055
346056
346057
346058
346059
346060
346061
346062
346063
346064
346065
346066
346067
346068
346069
346070
346071
346072
346073
346074
346075
346076
346077
346078
346079
346080
346081
346082
346083
346084
346085
346086
346087
346088
346089
346090
346091
346092
346093
346094
346095
346096
346097
346098
346099
346100
346101
346102
346103
346104
346105
346106
346107
346108
346109
346110
346111
346112
346113
346114
346115
346116
346117
346118
346119
346120
346121
346122
346123
346124
346125
346126
346127
346128
346129
346130
346131
346132
346133
346134
346135
346136
346137
346138
346139
346140
346141
346142
346143
346144
346145
346146
346147
346148
346149
346150
346151
346152
346153
346154
346155
346156
346157
346158
346159
346160
346161
346162
346163
346164
346165
346166
346167
346168
346169
346170
346171
346172
346173
346174
346175
346176
346177
346178
346179
346180
346181
346182
346183
346184
346185
346186
346187
346188
346189
346190
346191
346192
346193
346194
346195
346196
346197
346198
346199
346200
346201
346202
346203
346204
346205
346206
346207
346208
346209
346210
346211
346212
346213
346214
346215
346216
346217
346218
346219
346220
346221
346222
346223
346224
346225
346226
346227
346228
346229
346230
346231
346232
346233
346234
346235
346236
346237
346238
346239
346240
346241
346242
346243
346244
346245
346246
346247
346248
346249
346250
346251
346252
346253
346254
346255
346256
346257
346258
346259
346260
346261
346262
346263
346264
346265
346266
346267
346268
346269
346270
346271
346272
346273
346274
346275
346276
346277
346278
346279
346280
346281
346282
346283
346284
346285
346286
346287
346288
346289
346290
346291
346292
346293
346294
346295
346296
346297
346298
346299
346300
346301
346302
346303
346304
346305
346306
346307
346308
346309
346310
346311
346312
346313
346314
346315
346316
346317
346318
346319
346320
346321
346322
346323
346324
346325
346326
346327
346328
346329
346330
346331
346332
346333
346334
346335
346336
346337
346338
346339
346340
346341
346342
346343
346344
346345
346346
346347
346348
346349
346350
346351
346352
346353
346354
346355
346356
346357
346358
346359
346360
346361
346362
346363
346364
346365
346366
346367
346368
346369
346370
346371
346372
346373
346374
346375
346376
346377
346378
346379
346380
346381
346382
346383
346384
346385
346386
346387
346388
346389
346390
346391
346392
346393
346394
346395
346396
346397
346398
346399
346400
346401
346402
346403
346404
346405
346406
346407
346408
346409
346410
346411
346412
346413
346414
346415
346416
346417
346418
346419
346420
346421
346422
346423
346424
346425
346426
346427
346428
346429
346430
346431
346432
346433
346434
346435
346436
346437
346438
346439
346440
346441
346442
346443
346444
346445
346446
346447
346448
346449
346450
346451
346452
346453
346454
346455
346456
346457
346458
346459
346460
346461
346462
346463
346464
346465
346466
346467
346468
346469
346470
346471
346472
346473
346474
346475
346476
346477
346478
346479
346480
346481
346482
346483
346484
346485
346486
346487
346488
346489
346490
346491
346492
346493
346494
346495
346496
346497
346498
346499
346500
346501
346502
346503
346504
346505
346506
346507
346508
346509
346510
346511
346512
346513
346514
346515
346516
346517
346518
346519
346520
346521
346522
346523
346524
346525
346526
346527
346528
346529
346530
346531
346532
346533
346534
346535
346536
346537
346538
346539
346540
346541
346542
346543
346544
346545
346546
346547
346548
346549
346550
346551
346552
346553
346554
346555
346556
346557
346558
346559
346560
346561
346562
346563
346564
346565
346566
346567
346568
346569
346570
346571
346572
346573
346574
346575
346576
346577
346578
346579
346580
346581
346582
346583
346584
346585
346586
346587
346588
346589
346590
346591
346592
346593
346594
346595
346596
346597
346598
346599
346600
346601
346602
346603
346604
346605
346606
346607
346608
346609
346610
346611
346612
346613
346614
346615
346616
346617
346618
346619
346620
346621
346622
346623
346624
346625
346626
346627
346628
346629
346630
346631
346632
346633
346634
346635
346636
346637
346638
346639
346640
346641
346642
346643
346644
346645
346646
346647
346648
346649
346650
346651
346652
346653
346654
346655
346656
346657
346658
346659
346660
346661
346662
346663
346664
346665
346666
346667
346668
346669
346670
346671
346672
346673
346674
346675
346676
346677
346678
346679
346680
346681
346682
346683
346684
346685
346686
346687
346688
346689
346690
346691
346692
346693
346694
346695
346696
346697
346698
346699
346700
346701
346702
346703
346704
346705
346706
346707
346708
346709
346710
346711
346712
346713
346714
346715
346716
346717
346718
346719
346720
346721
346722
346723
346724
346725
346726
346727
346728
346729
346730
346731
346732
346733
346734
346735
346736
346737
346738
346739
346740
346741
346742
346743
346744
346745
346746
346747
346748
346749
346750
346751
346752
346753
346754
346755
346756
346757
346758
346759
346760
346761
346762
346763
346764
346765
346766
346767
346768
346769
346770
346771
346772
346773
346774
346775
346776
346777
346778
346779
346780
346781
346782
346783
346784
346785
346786
346787
346788
346789
346790
346791
346792
346793
346794
346795
346796
346797
346798
346799
346800
346801
346802
346803
346804
346805
346806
346807
346808
346809
346810
346811
346812
346813
346814
346815
346816
346817
346818
346819
346820
346821
346822
346823
346824
346825
346826
346827
346828
346829
346830
346831
346832
346833
346834
346835
346836
346837
346838
346839
346840
346841
346842
346843
346844
346845
346846
346847
346848
346849
346850
346851
346852
346853
346854
346855
346856
346857
346858
346859
346860
346861
346862
346863
346864
346865
346866
346867
346868
346869
346870
346871
346872
346873
346874
346875
346876
346877
346878
346879
346880
346881
346882
346883
346884
346885
346886
346887
346888
346889
346890
346891
346892
346893
346894
346895
346896
346897
346898
346899
346900
346901
346902
346903
346904
346905
346906
346907
346908
346909
346910
346911
346912
346913
346914
346915
346916
346917
346918
346919
346920
346921
346922
346923
346924
346925
346926
346927
346928
346929
346930
346931
346932
346933
346934
346935
346936
346937
346938
346939
346940
346941
346942
346943
346944
346945
346946
346947
346948
346949
346950
346951
346952
346953
346954
346955
346956
346957
346958
346959
346960
346961
346962
346963
346964
346965
346966
346967
346968
346969
346970
346971
346972
346973
346974
346975
346976
346977
346978
346979
346980
346981
346982
346983
346984
346985
346986
346987
346988
346989
346990
346991
346992
346993
346994
346995
346996
346997
346998
346999
347000
347001
347002
347003
347004
347005
347006
347007
347008
347009
347010
347011
347012
347013
347014
347015
347016
347017
347018
347019
347020
347021
347022
347023
347024
347025
347026
347027
347028
347029
347030
347031
347032
347033
347034
347035
347036
347037
347038
347039
347040
347041
347042
347043
347044
347045
347046
347047
347048
347049
347050
347051
347052
347053
347054
347055
347056
347057
347058
347059
347060
347061
347062
347063
347064
347065
347066
347067
347068
347069
347070
347071
347072
347073
347074
347075
347076
347077
347078
347079
347080
347081
347082
347083
347084
347085
347086
347087
347088
347089
347090
347091
347092
347093
347094
347095
347096
347097
347098
347099
347100
347101
347102
347103
347104
347105
347106
347107
347108
347109
347110
347111
347112
347113
347114
347115
347116
347117
347118
347119
347120
347121
347122
347123
347124
347125
347126
347127
347128
347129
347130
347131
347132
347133
347134
347135
347136
347137
347138
347139
347140
347141
347142
347143
347144
347145
347146
347147
347148
347149
347150
347151
347152
347153
347154
347155
347156
347157
347158
347159
347160
347161
347162
347163
347164
347165
347166
347167
347168
347169
347170
347171
347172
347173
347174
347175
347176
347177
347178
347179
347180
347181
347182
347183
347184
347185
347186
347187
347188
347189
347190
347191
347192
347193
347194
347195
347196
347197
347198
347199
347200
347201
347202
347203
347204
347205
347206
347207
347208
347209
347210
347211
347212
347213
347214
347215
347216
347217
347218
347219
347220
347221
347222
347223
347224
347225
347226
347227
347228
347229
347230
347231
347232
347233
347234
347235
347236
347237
347238
347239
347240
347241
347242
347243
347244
347245
347246
347247
347248
347249
347250
347251
347252
347253
347254
347255
347256
347257
347258
347259
347260
347261
347262
347263
347264
347265
347266
347267
347268
347269
347270
347271
347272
347273
347274
347275
347276
347277
347278
347279
347280
347281
347282
347283
347284
347285
347286
347287
347288
347289
347290
347291
347292
347293
347294
347295
347296
347297
347298
347299
347300
347301
347302
347303
347304
347305
347306
347307
347308
347309
347310
347311
347312
347313
347314
347315
347316
347317
347318
347319
347320
347321
347322
347323
347324
347325
347326
347327
347328
347329
347330
347331
347332
347333
347334
347335
347336
347337
347338
347339
347340
347341
347342
347343
347344
347345
347346
347347
347348
347349
347350
347351
347352
347353
347354
347355
347356
347357
347358
347359
347360
347361
347362
347363
347364
347365
347366
347367
347368
347369
347370
347371
347372
347373
347374
347375
347376
347377
347378
347379
347380
347381
347382
347383
347384
347385
347386
347387
347388
347389
347390
347391
347392
347393
347394
347395
347396
347397
347398
347399
347400
347401
347402
347403
347404
347405
347406
347407
347408
347409
347410
347411
347412
347413
347414
347415
347416
347417
347418
347419
347420
347421
347422
347423
347424
347425
347426
347427
347428
347429
347430
347431
347432
347433
347434
347435
347436
347437
347438
347439
347440
347441
347442
347443
347444
347445
347446
347447
347448
347449
347450
347451
347452
347453
347454
347455
347456
347457
347458
347459
347460
347461
347462
347463
347464
347465
347466
347467
347468
347469
347470
347471
347472
347473
347474
347475
347476
347477
347478
347479
347480
347481
347482
347483
347484
347485
347486
347487
347488
347489
347490
347491
347492
347493
347494
347495
347496
347497
347498
347499
347500
347501
347502
347503
347504
347505
347506
347507
347508
347509
347510
347511
347512
347513
347514
347515
347516
347517
347518
347519
347520
347521
347522
347523
347524
347525
347526
347527
347528
347529
347530
347531
347532
347533
347534
347535
347536
347537
347538
347539
347540
347541
347542
347543
347544
347545
347546
347547
347548
347549
347550
347551
347552
347553
347554
347555
347556
347557
347558
347559
347560
347561
347562
347563
347564
347565
347566
347567
347568
347569
347570
347571
347572
347573
347574
347575
347576
347577
347578
347579
347580
347581
347582
347583
347584
347585
347586
347587
347588
347589
347590
347591
347592
347593
347594
347595
347596
347597
347598
347599
347600
347601
347602
347603
347604
347605
347606
347607
347608
347609
347610
347611
347612
347613
347614
347615
347616
347617
347618
347619
347620
347621
347622
347623
347624
347625
347626
347627
347628
347629
347630
347631
347632
347633
347634
347635
347636
347637
347638
347639
347640
347641
347642
347643
347644
347645
347646
347647
347648
347649
347650
347651
347652
347653
347654
347655
347656
347657
347658
347659
347660
347661
347662
347663
347664
347665
347666
347667
347668
347669
347670
347671
347672
347673
347674
347675
347676
347677
347678
347679
347680
347681
347682
347683
347684
347685
347686
347687
347688
347689
347690
347691
347692
347693
347694
347695
347696
347697
347698
347699
347700
347701
347702
347703
347704
347705
347706
347707
347708
347709
347710
347711
347712
347713
347714
347715
347716
347717
347718
347719
347720
347721
347722
347723
347724
347725
347726
347727
347728
347729
347730
347731
347732
347733
347734
347735
347736
347737
347738
347739
347740
347741
347742
347743
347744
347745
347746
347747
347748
347749
347750
347751
347752
347753
347754
347755
347756
347757
347758
347759
347760
347761
347762
347763
347764
347765
347766
347767
347768
347769
347770
347771
347772
347773
347774
347775
347776
347777
347778
347779
347780
347781
347782
347783
347784
347785
347786
347787
347788
347789
347790
347791
347792
347793
347794
347795
347796
347797
347798
347799
347800
347801
347802
347803
347804
347805
347806
347807
347808
347809
347810
347811
347812
347813
347814
347815
347816
347817
347818
347819
347820
347821
347822
347823
347824
347825
347826
347827
347828
347829
347830
347831
347832
347833
347834
347835
347836
347837
347838
347839
347840
347841
347842
347843
347844
347845
347846
347847
347848
347849
347850
347851
347852
347853
347854
347855
347856
347857
347858
347859
347860
347861
347862
347863
347864
347865
347866
347867
347868
347869
347870
347871
347872
347873
347874
347875
347876
347877
347878
347879
347880
347881
347882
347883
347884
347885
347886
347887
347888
347889
347890
347891
347892
347893
347894
347895
347896
347897
347898
347899
347900
347901
347902
347903
347904
347905
347906
347907
347908
347909
347910
347911
347912
347913
347914
347915
347916
347917
347918
347919
347920
347921
347922
347923
347924
347925
347926
347927
347928
347929
347930
347931
347932
347933
347934
347935
347936
347937
347938
347939
347940
347941
347942
347943
347944
347945
347946
347947
347948
347949
347950
347951
347952
347953
347954
347955
347956
347957
347958
347959
347960
347961
347962
347963
347964
347965
347966
347967
347968
347969
347970
347971
347972
347973
347974
347975
347976
347977
347978
347979
347980
347981
347982
347983
347984
347985
347986
347987
347988
347989
347990
347991
347992
347993
347994
347995
347996
347997
347998
347999
348000
348001
348002
348003
348004
348005
348006
348007
348008
348009
348010
348011
348012
348013
348014
348015
348016
348017
348018
348019
348020
348021
348022
348023
348024
348025
348026
348027
348028
348029
348030
348031
348032
348033
348034
348035
348036
348037
348038
348039
348040
348041
348042
348043
348044
348045
348046
348047
348048
348049
348050
348051
348052
348053
348054
348055
348056
348057
348058
348059
348060
348061
348062
348063
348064
348065
348066
348067
348068
348069
348070
348071
348072
348073
348074
348075
348076
348077
348078
348079
348080
348081
348082
348083
348084
348085
348086
348087
348088
348089
348090
348091
348092
348093
348094
348095
348096
348097
348098
348099
348100
348101
348102
348103
348104
348105
348106
348107
348108
348109
348110
348111
348112
348113
348114
348115
348116
348117
348118
348119
348120
348121
348122
348123
348124
348125
348126
348127
348128
348129
348130
348131
348132
348133
348134
348135
348136
348137
348138
348139
348140
348141
348142
348143
348144
348145
348146
348147
348148
348149
348150
348151
348152
348153
348154
348155
348156
348157
348158
348159
348160
348161
348162
348163
348164
348165
348166
348167
348168
348169
348170
348171
348172
348173
348174
348175
348176
348177
348178
348179
348180
348181
348182
348183
348184
348185
348186
348187
348188
348189
348190
348191
348192
348193
348194
348195
348196
348197
348198
348199
348200
348201
348202
348203
348204
348205
348206
348207
348208
348209
348210
348211
348212
348213
348214
348215
348216
348217
348218
348219
348220
348221
348222
348223
348224
348225
348226
348227
348228
348229
348230
348231
348232
348233
348234
348235
348236
348237
348238
348239
348240
348241
348242
348243
348244
348245
348246
348247
348248
348249
348250
348251
348252
348253
348254
348255
348256
348257
348258
348259
348260
348261
348262
348263
348264
348265
348266
348267
348268
348269
348270
348271
348272
348273
348274
348275
348276
348277
348278
348279
348280
348281
348282
348283
348284
348285
348286
348287
348288
348289
348290
348291
348292
348293
348294
348295
348296
348297
348298
348299
348300
348301
348302
348303
348304
348305
348306
348307
348308
348309
348310
348311
348312
348313
348314
348315
348316
348317
348318
348319
348320
348321
348322
348323
348324
348325
348326
348327
348328
348329
348330
348331
348332
348333
348334
348335
348336
348337
348338
348339
348340
348341
348342
348343
348344
348345
348346
348347
348348
348349
348350
348351
348352
348353
348354
348355
348356
348357
348358
348359
348360
348361
348362
348363
348364
348365
348366
348367
348368
348369
348370
348371
348372
348373
348374
348375
348376
348377
348378
348379
348380
348381
348382
348383
348384
348385
348386
348387
348388
348389
348390
348391
348392
348393
348394
348395
348396
348397
348398
348399
348400
348401
348402
348403
348404
348405
348406
348407
348408
348409
348410
348411
348412
348413
348414
348415
348416
348417
348418
348419
348420
348421
348422
348423
348424
348425
348426
348427
348428
348429
348430
348431
348432
348433
348434
348435
348436
348437
348438
348439
348440
348441
348442
348443
348444
348445
348446
348447
348448
348449
348450
348451
348452
348453
348454
348455
348456
348457
348458
348459
348460
348461
348462
348463
348464
348465
348466
348467
348468
348469
348470
348471
348472
348473
348474
348475
348476
348477
348478
348479
348480
348481
348482
348483
348484
348485
348486
348487
348488
348489
348490
348491
348492
348493
348494
348495
348496
348497
348498
348499
348500
348501
348502
348503
348504
348505
348506
348507
348508
348509
348510
348511
348512
348513
348514
348515
348516
348517
348518
348519
348520
348521
348522
348523
348524
348525
348526
348527
348528
348529
348530
348531
348532
348533
348534
348535
348536
348537
348538
348539
348540
348541
348542
348543
348544
348545
348546
348547
348548
348549
348550
348551
348552
348553
348554
348555
348556
348557
348558
348559
348560
348561
348562
348563
348564
348565
348566
348567
348568
348569
348570
348571
348572
348573
348574
348575
348576
348577
348578
348579
348580
348581
348582
348583
348584
348585
348586
348587
348588
348589
348590
348591
348592
348593
348594
348595
348596
348597
348598
348599
348600
348601
348602
348603
348604
348605
348606
348607
348608
348609
348610
348611
348612
348613
348614
348615
348616
348617
348618
348619
348620
348621
348622
348623
348624
348625
348626
348627
348628
348629
348630
348631
348632
348633
348634
348635
348636
348637
348638
348639
348640
348641
348642
348643
348644
348645
348646
348647
348648
348649
348650
348651
348652
348653
348654
348655
348656
348657
348658
348659
348660
348661
348662
348663
348664
348665
348666
348667
348668
348669
348670
348671
348672
348673
348674
348675
348676
348677
348678
348679
348680
348681
348682
348683
348684
348685
348686
348687
348688
348689
348690
348691
348692
348693
348694
348695
348696
348697
348698
348699
348700
348701
348702
348703
348704
348705
348706
348707
348708
348709
348710
348711
348712
348713
348714
348715
348716
348717
348718
348719
348720
348721
348722
348723
348724
348725
348726
348727
348728
348729
348730
348731
348732
348733
348734
348735
348736
348737
348738
348739
348740
348741
348742
348743
348744
348745
348746
348747
348748
348749
348750
348751
348752
348753
348754
348755
348756
348757
348758
348759
348760
348761
348762
348763
348764
348765
348766
348767
348768
348769
348770
348771
348772
348773
348774
348775
348776
348777
348778
348779
348780
348781
348782
348783
348784
348785
348786
348787
348788
348789
348790
348791
348792
348793
348794
348795
348796
348797
348798
348799
348800
348801
348802
348803
348804
348805
348806
348807
348808
348809
348810
348811
348812
348813
348814
348815
348816
348817
348818
348819
348820
348821
348822
348823
348824
348825
348826
348827
348828
348829
348830
348831
348832
348833
348834
348835
348836
348837
348838
348839
348840
348841
348842
348843
348844
348845
348846
348847
348848
348849
348850
348851
348852
348853
348854
348855
348856
348857
348858
348859
348860
348861
348862
348863
348864
348865
348866
348867
348868
348869
348870
348871
348872
348873
348874
348875
348876
348877
348878
348879
348880
348881
348882
348883
348884
348885
348886
348887
348888
348889
348890
348891
348892
348893
348894
348895
348896
348897
348898
348899
348900
348901
348902
348903
348904
348905
348906
348907
348908
348909
348910
348911
348912
348913
348914
348915
348916
348917
348918
348919
348920
348921
348922
348923
348924
348925
348926
348927
348928
348929
348930
348931
348932
348933
348934
348935
348936
348937
348938
348939
348940
348941
348942
348943
348944
348945
348946
348947
348948
348949
348950
348951
348952
348953
348954
348955
348956
348957
348958
348959
348960
348961
348962
348963
348964
348965
348966
348967
348968
348969
348970
348971
348972
348973
348974
348975
348976
348977
348978
348979
348980
348981
348982
348983
348984
348985
348986
348987
348988
348989
348990
348991
348992
348993
348994
348995
348996
348997
348998
348999
349000
349001
349002
349003
349004
349005
349006
349007
349008
349009
349010
349011
349012
349013
349014
349015
349016
349017
349018
349019
349020
349021
349022
349023
349024
349025
349026
349027
349028
349029
349030
349031
349032
349033
349034
349035
349036
349037
349038
349039
349040
349041
349042
349043
349044
349045
349046
349047
349048
349049
349050
349051
349052
349053
349054
349055
349056
349057
349058
349059
349060
349061
349062
349063
349064
349065
349066
349067
349068
349069
349070
349071
349072
349073
349074
349075
349076
349077
349078
349079
349080
349081
349082
349083
349084
349085
349086
349087
349088
349089
349090
349091
349092
349093
349094
349095
349096
349097
349098
349099
349100
349101
349102
349103
349104
349105
349106
349107
349108
349109
349110
349111
349112
349113
349114
349115
349116
349117
349118
349119
349120
349121
349122
349123
349124
349125
349126
349127
349128
349129
349130
349131
349132
349133
349134
349135
349136
349137
349138
349139
349140
349141
349142
349143
349144
349145
349146
349147
349148
349149
349150
349151
349152
349153
349154
349155
349156
349157
349158
349159
349160
349161
349162
349163
349164
349165
349166
349167
349168
349169
349170
349171
349172
349173
349174
349175
349176
349177
349178
349179
349180
349181
349182
349183
349184
349185
349186
349187
349188
349189
349190
349191
349192
349193
349194
349195
349196
349197
349198
349199
349200
349201
349202
349203
349204
349205
349206
349207
349208
349209
349210
349211
349212
349213
349214
349215
349216
349217
349218
349219
349220
349221
349222
349223
349224
349225
349226
349227
349228
349229
349230
349231
349232
349233
349234
349235
349236
349237
349238
349239
349240
349241
349242
349243
349244
349245
349246
349247
349248
349249
349250
349251
349252
349253
349254
349255
349256
349257
349258
349259
349260
349261
349262
349263
349264
349265
349266
349267
349268
349269
349270
349271
349272
349273
349274
349275
349276
349277
349278
349279
349280
349281
349282
349283
349284
349285
349286
349287
349288
349289
349290
349291
349292
349293
349294
349295
349296
349297
349298
349299
349300
349301
349302
349303
349304
349305
349306
349307
349308
349309
349310
349311
349312
349313
349314
349315
349316
349317
349318
349319
349320
349321
349322
349323
349324
349325
349326
349327
349328
349329
349330
349331
349332
349333
349334
349335
349336
349337
349338
349339
349340
349341
349342
349343
349344
349345
349346
349347
349348
349349
349350
349351
349352
349353
349354
349355
349356
349357
349358
349359
349360
349361
349362
349363
349364
349365
349366
349367
349368
349369
349370
349371
349372
349373
349374
349375
349376
349377
349378
349379
349380
349381
349382
349383
349384
349385
349386
349387
349388
349389
349390
349391
349392
349393
349394
349395
349396
349397
349398
349399
349400
349401
349402
349403
349404
349405
349406
349407
349408
349409
349410
349411
349412
349413
349414
349415
349416
349417
349418
349419
349420
349421
349422
349423
349424
349425
349426
349427
349428
349429
349430
349431
349432
349433
349434
349435
349436
349437
349438
349439
349440
349441
349442
349443
349444
349445
349446
349447
349448
349449
349450
349451
349452
349453
349454
349455
349456
349457
349458
349459
349460
349461
349462
349463
349464
349465
349466
349467
349468
349469
349470
349471
349472
349473
349474
349475
349476
349477
349478
349479
349480
349481
349482
349483
349484
349485
349486
349487
349488
349489
349490
349491
349492
349493
349494
349495
349496
349497
349498
349499
349500
349501
349502
349503
349504
349505
349506
349507
349508
349509
349510
349511
349512
349513
349514
349515
349516
349517
349518
349519
349520
349521
349522
349523
349524
349525
349526
349527
349528
349529
349530
349531
349532
349533
349534
349535
349536
349537
349538
349539
349540
349541
349542
349543
349544
349545
349546
349547
349548
349549
349550
349551
349552
349553
349554
349555
349556
349557
349558
349559
349560
349561
349562
349563
349564
349565
349566
349567
349568
349569
349570
349571
349572
349573
349574
349575
349576
349577
349578
349579
349580
349581
349582
349583
349584
349585
349586
349587
349588
349589
349590
349591
349592
349593
349594
349595
349596
349597
349598
349599
349600
349601
349602
349603
349604
349605
349606
349607
349608
349609
349610
349611
349612
349613
349614
349615
349616
349617
349618
349619
349620
349621
349622
349623
349624
349625
349626
349627
349628
349629
349630
349631
349632
349633
349634
349635
349636
349637
349638
349639
349640
349641
349642
349643
349644
349645
349646
349647
349648
349649
349650
349651
349652
349653
349654
349655
349656
349657
349658
349659
349660
349661
349662
349663
349664
349665
349666
349667
349668
349669
349670
349671
349672
349673
349674
349675
349676
349677
349678
349679
349680
349681
349682
349683
349684
349685
349686
349687
349688
349689
349690
349691
349692
349693
349694
349695
349696
349697
349698
349699
349700
349701
349702
349703
349704
349705
349706
349707
349708
349709
349710
349711
349712
349713
349714
349715
349716
349717
349718
349719
349720
349721
349722
349723
349724
349725
349726
349727
349728
349729
349730
349731
349732
349733
349734
349735
349736
349737
349738
349739
349740
349741
349742
349743
349744
349745
349746
349747
349748
349749
349750
349751
349752
349753
349754
349755
349756
349757
349758
349759
349760
349761
349762
349763
349764
349765
349766
349767
349768
349769
349770
349771
349772
349773
349774
349775
349776
349777
349778
349779
349780
349781
349782
349783
349784
349785
349786
349787
349788
349789
349790
349791
349792
349793
349794
349795
349796
349797
349798
349799
349800
349801
349802
349803
349804
349805
349806
349807
349808
349809
349810
349811
349812
349813
349814
349815
349816
349817
349818
349819
349820
349821
349822
349823
349824
349825
349826
349827
349828
349829
349830
349831
349832
349833
349834
349835
349836
349837
349838
349839
349840
349841
349842
349843
349844
349845
349846
349847
349848
349849
349850
349851
349852
349853
349854
349855
349856
349857
349858
349859
349860
349861
349862
349863
349864
349865
349866
349867
349868
349869
349870
349871
349872
349873
349874
349875
349876
349877
349878
349879
349880
349881
349882
349883
349884
349885
349886
349887
349888
349889
349890
349891
349892
349893
349894
349895
349896
349897
349898
349899
349900
349901
349902
349903
349904
349905
349906
349907
349908
349909
349910
349911
349912
349913
349914
349915
349916
349917
349918
349919
349920
349921
349922
349923
349924
349925
349926
349927
349928
349929
349930
349931
349932
349933
349934
349935
349936
349937
349938
349939
349940
349941
349942
349943
349944
349945
349946
349947
349948
349949
349950
349951
349952
349953
349954
349955
349956
349957
349958
349959
349960
349961
349962
349963
349964
349965
349966
349967
349968
349969
349970
349971
349972
349973
349974
349975
349976
349977
349978
349979
349980
349981
349982
349983
349984
349985
349986
349987
349988
349989
349990
349991
349992
349993
349994
349995
349996
349997
349998
349999
