565000
565001
565002
565003
565004
565005
565006
565007
565008
565009
565010
565011
565012
565013
565014
565015
565016
565017
565018
565019
565020
565021
565022
565023
565024
565025
565026
565027
565028
565029
565030
565031
565032
565033
565034
565035
565036
565037
565038
565039
565040
565041
565042
565043
565044
565045
565046
565047
565048
565049
565050
565051
565052
565053
565054
565055
565056
565057
565058
565059
565060
565061
565062
565063
565064
565065
565066
565067
565068
565069
565070
565071
565072
565073
565074
565075
565076
565077
565078
565079
565080
565081
565082
565083
565084
565085
565086
565087
565088
565089
565090
565091
565092
565093
565094
565095
565096
565097
565098
565099
565100
565101
565102
565103
565104
565105
565106
565107
565108
565109
565110
565111
565112
565113
565114
565115
565116
565117
565118
565119
565120
565121
565122
565123
565124
565125
565126
565127
565128
565129
565130
565131
565132
565133
565134
565135
565136
565137
565138
565139
565140
565141
565142
565143
565144
565145
565146
565147
565148
565149
565150
565151
565152
565153
565154
565155
565156
565157
565158
565159
565160
565161
565162
565163
565164
565165
565166
565167
565168
565169
565170
565171
565172
565173
565174
565175
565176
565177
565178
565179
565180
565181
565182
565183
565184
565185
565186
565187
565188
565189
565190
565191
565192
565193
565194
565195
565196
565197
565198
565199
565200
565201
565202
565203
565204
565205
565206
565207
565208
565209
565210
565211
565212
565213
565214
565215
565216
565217
565218
565219
565220
565221
565222
565223
565224
565225
565226
565227
565228
565229
565230
565231
565232
565233
565234
565235
565236
565237
565238
565239
565240
565241
565242
565243
565244
565245
565246
565247
565248
565249
565250
565251
565252
565253
565254
565255
565256
565257
565258
565259
565260
565261
565262
565263
565264
565265
565266
565267
565268
565269
565270
565271
565272
565273
565274
565275
565276
565277
565278
565279
565280
565281
565282
565283
565284
565285
565286
565287
565288
565289
565290
565291
565292
565293
565294
565295
565296
565297
565298
565299
565300
565301
565302
565303
565304
565305
565306
565307
565308
565309
565310
565311
565312
565313
565314
565315
565316
565317
565318
565319
565320
565321
565322
565323
565324
565325
565326
565327
565328
565329
565330
565331
565332
565333
565334
565335
565336
565337
565338
565339
565340
565341
565342
565343
565344
565345
565346
565347
565348
565349
565350
565351
565352
565353
565354
565355
565356
565357
565358
565359
565360
565361
565362
565363
565364
565365
565366
565367
565368
565369
565370
565371
565372
565373
565374
565375
565376
565377
565378
565379
565380
565381
565382
565383
565384
565385
565386
565387
565388
565389
565390
565391
565392
565393
565394
565395
565396
565397
565398
565399
565400
565401
565402
565403
565404
565405
565406
565407
565408
565409
565410
565411
565412
565413
565414
565415
565416
565417
565418
565419
565420
565421
565422
565423
565424
565425
565426
565427
565428
565429
565430
565431
565432
565433
565434
565435
565436
565437
565438
565439
565440
565441
565442
565443
565444
565445
565446
565447
565448
565449
565450
565451
565452
565453
565454
565455
565456
565457
565458
565459
565460
565461
565462
565463
565464
565465
565466
565467
565468
565469
565470
565471
565472
565473
565474
565475
565476
565477
565478
565479
565480
565481
565482
565483
565484
565485
565486
565487
565488
565489
565490
565491
565492
565493
565494
565495
565496
565497
565498
565499
565500
565501
565502
565503
565504
565505
565506
565507
565508
565509
565510
565511
565512
565513
565514
565515
565516
565517
565518
565519
565520
565521
565522
565523
565524
565525
565526
565527
565528
565529
565530
565531
565532
565533
565534
565535
565536
565537
565538
565539
565540
565541
565542
565543
565544
565545
565546
565547
565548
565549
565550
565551
565552
565553
565554
565555
565556
565557
565558
565559
565560
565561
565562
565563
565564
565565
565566
565567
565568
565569
565570
565571
565572
565573
565574
565575
565576
565577
565578
565579
565580
565581
565582
565583
565584
565585
565586
565587
565588
565589
565590
565591
565592
565593
565594
565595
565596
565597
565598
565599
565600
565601
565602
565603
565604
565605
565606
565607
565608
565609
565610
565611
565612
565613
565614
565615
565616
565617
565618
565619
565620
565621
565622
565623
565624
565625
565626
565627
565628
565629
565630
565631
565632
565633
565634
565635
565636
565637
565638
565639
565640
565641
565642
565643
565644
565645
565646
565647
565648
565649
565650
565651
565652
565653
565654
565655
565656
565657
565658
565659
565660
565661
565662
565663
565664
565665
565666
565667
565668
565669
565670
565671
565672
565673
565674
565675
565676
565677
565678
565679
565680
565681
565682
565683
565684
565685
565686
565687
565688
565689
565690
565691
565692
565693
565694
565695
565696
565697
565698
565699
565700
565701
565702
565703
565704
565705
565706
565707
565708
565709
565710
565711
565712
565713
565714
565715
565716
565717
565718
565719
565720
565721
565722
565723
565724
565725
565726
565727
565728
565729
565730
565731
565732
565733
565734
565735
565736
565737
565738
565739
565740
565741
565742
565743
565744
565745
565746
565747
565748
565749
565750
565751
565752
565753
565754
565755
565756
565757
565758
565759
565760
565761
565762
565763
565764
565765
565766
565767
565768
565769
565770
565771
565772
565773
565774
565775
565776
565777
565778
565779
565780
565781
565782
565783
565784
565785
565786
565787
565788
565789
565790
565791
565792
565793
565794
565795
565796
565797
565798
565799
565800
565801
565802
565803
565804
565805
565806
565807
565808
565809
565810
565811
565812
565813
565814
565815
565816
565817
565818
565819
565820
565821
565822
565823
565824
565825
565826
565827
565828
565829
565830
565831
565832
565833
565834
565835
565836
565837
565838
565839
565840
565841
565842
565843
565844
565845
565846
565847
565848
565849
565850
565851
565852
565853
565854
565855
565856
565857
565858
565859
565860
565861
565862
565863
565864
565865
565866
565867
565868
565869
565870
565871
565872
565873
565874
565875
565876
565877
565878
565879
565880
565881
565882
565883
565884
565885
565886
565887
565888
565889
565890
565891
565892
565893
565894
565895
565896
565897
565898
565899
565900
565901
565902
565903
565904
565905
565906
565907
565908
565909
565910
565911
565912
565913
565914
565915
565916
565917
565918
565919
565920
565921
565922
565923
565924
565925
565926
565927
565928
565929
565930
565931
565932
565933
565934
565935
565936
565937
565938
565939
565940
565941
565942
565943
565944
565945
565946
565947
565948
565949
565950
565951
565952
565953
565954
565955
565956
565957
565958
565959
565960
565961
565962
565963
565964
565965
565966
565967
565968
565969
565970
565971
565972
565973
565974
565975
565976
565977
565978
565979
565980
565981
565982
565983
565984
565985
565986
565987
565988
565989
565990
565991
565992
565993
565994
565995
565996
565997
565998
565999
566000
566001
566002
566003
566004
566005
566006
566007
566008
566009
566010
566011
566012
566013
566014
566015
566016
566017
566018
566019
566020
566021
566022
566023
566024
566025
566026
566027
566028
566029
566030
566031
566032
566033
566034
566035
566036
566037
566038
566039
566040
566041
566042
566043
566044
566045
566046
566047
566048
566049
566050
566051
566052
566053
566054
566055
566056
566057
566058
566059
566060
566061
566062
566063
566064
566065
566066
566067
566068
566069
566070
566071
566072
566073
566074
566075
566076
566077
566078
566079
566080
566081
566082
566083
566084
566085
566086
566087
566088
566089
566090
566091
566092
566093
566094
566095
566096
566097
566098
566099
566100
566101
566102
566103
566104
566105
566106
566107
566108
566109
566110
566111
566112
566113
566114
566115
566116
566117
566118
566119
566120
566121
566122
566123
566124
566125
566126
566127
566128
566129
566130
566131
566132
566133
566134
566135
566136
566137
566138
566139
566140
566141
566142
566143
566144
566145
566146
566147
566148
566149
566150
566151
566152
566153
566154
566155
566156
566157
566158
566159
566160
566161
566162
566163
566164
566165
566166
566167
566168
566169
566170
566171
566172
566173
566174
566175
566176
566177
566178
566179
566180
566181
566182
566183
566184
566185
566186
566187
566188
566189
566190
566191
566192
566193
566194
566195
566196
566197
566198
566199
566200
566201
566202
566203
566204
566205
566206
566207
566208
566209
566210
566211
566212
566213
566214
566215
566216
566217
566218
566219
566220
566221
566222
566223
566224
566225
566226
566227
566228
566229
566230
566231
566232
566233
566234
566235
566236
566237
566238
566239
566240
566241
566242
566243
566244
566245
566246
566247
566248
566249
566250
566251
566252
566253
566254
566255
566256
566257
566258
566259
566260
566261
566262
566263
566264
566265
566266
566267
566268
566269
566270
566271
566272
566273
566274
566275
566276
566277
566278
566279
566280
566281
566282
566283
566284
566285
566286
566287
566288
566289
566290
566291
566292
566293
566294
566295
566296
566297
566298
566299
566300
566301
566302
566303
566304
566305
566306
566307
566308
566309
566310
566311
566312
566313
566314
566315
566316
566317
566318
566319
566320
566321
566322
566323
566324
566325
566326
566327
566328
566329
566330
566331
566332
566333
566334
566335
566336
566337
566338
566339
566340
566341
566342
566343
566344
566345
566346
566347
566348
566349
566350
566351
566352
566353
566354
566355
566356
566357
566358
566359
566360
566361
566362
566363
566364
566365
566366
566367
566368
566369
566370
566371
566372
566373
566374
566375
566376
566377
566378
566379
566380
566381
566382
566383
566384
566385
566386
566387
566388
566389
566390
566391
566392
566393
566394
566395
566396
566397
566398
566399
566400
566401
566402
566403
566404
566405
566406
566407
566408
566409
566410
566411
566412
566413
566414
566415
566416
566417
566418
566419
566420
566421
566422
566423
566424
566425
566426
566427
566428
566429
566430
566431
566432
566433
566434
566435
566436
566437
566438
566439
566440
566441
566442
566443
566444
566445
566446
566447
566448
566449
566450
566451
566452
566453
566454
566455
566456
566457
566458
566459
566460
566461
566462
566463
566464
566465
566466
566467
566468
566469
566470
566471
566472
566473
566474
566475
566476
566477
566478
566479
566480
566481
566482
566483
566484
566485
566486
566487
566488
566489
566490
566491
566492
566493
566494
566495
566496
566497
566498
566499
566500
566501
566502
566503
566504
566505
566506
566507
566508
566509
566510
566511
566512
566513
566514
566515
566516
566517
566518
566519
566520
566521
566522
566523
566524
566525
566526
566527
566528
566529
566530
566531
566532
566533
566534
566535
566536
566537
566538
566539
566540
566541
566542
566543
566544
566545
566546
566547
566548
566549
566550
566551
566552
566553
566554
566555
566556
566557
566558
566559
566560
566561
566562
566563
566564
566565
566566
566567
566568
566569
566570
566571
566572
566573
566574
566575
566576
566577
566578
566579
566580
566581
566582
566583
566584
566585
566586
566587
566588
566589
566590
566591
566592
566593
566594
566595
566596
566597
566598
566599
566600
566601
566602
566603
566604
566605
566606
566607
566608
566609
566610
566611
566612
566613
566614
566615
566616
566617
566618
566619
566620
566621
566622
566623
566624
566625
566626
566627
566628
566629
566630
566631
566632
566633
566634
566635
566636
566637
566638
566639
566640
566641
566642
566643
566644
566645
566646
566647
566648
566649
566650
566651
566652
566653
566654
566655
566656
566657
566658
566659
566660
566661
566662
566663
566664
566665
566666
566667
566668
566669
566670
566671
566672
566673
566674
566675
566676
566677
566678
566679
566680
566681
566682
566683
566684
566685
566686
566687
566688
566689
566690
566691
566692
566693
566694
566695
566696
566697
566698
566699
566700
566701
566702
566703
566704
566705
566706
566707
566708
566709
566710
566711
566712
566713
566714
566715
566716
566717
566718
566719
566720
566721
566722
566723
566724
566725
566726
566727
566728
566729
566730
566731
566732
566733
566734
566735
566736
566737
566738
566739
566740
566741
566742
566743
566744
566745
566746
566747
566748
566749
566750
566751
566752
566753
566754
566755
566756
566757
566758
566759
566760
566761
566762
566763
566764
566765
566766
566767
566768
566769
566770
566771
566772
566773
566774
566775
566776
566777
566778
566779
566780
566781
566782
566783
566784
566785
566786
566787
566788
566789
566790
566791
566792
566793
566794
566795
566796
566797
566798
566799
566800
566801
566802
566803
566804
566805
566806
566807
566808
566809
566810
566811
566812
566813
566814
566815
566816
566817
566818
566819
566820
566821
566822
566823
566824
566825
566826
566827
566828
566829
566830
566831
566832
566833
566834
566835
566836
566837
566838
566839
566840
566841
566842
566843
566844
566845
566846
566847
566848
566849
566850
566851
566852
566853
566854
566855
566856
566857
566858
566859
566860
566861
566862
566863
566864
566865
566866
566867
566868
566869
566870
566871
566872
566873
566874
566875
566876
566877
566878
566879
566880
566881
566882
566883
566884
566885
566886
566887
566888
566889
566890
566891
566892
566893
566894
566895
566896
566897
566898
566899
566900
566901
566902
566903
566904
566905
566906
566907
566908
566909
566910
566911
566912
566913
566914
566915
566916
566917
566918
566919
566920
566921
566922
566923
566924
566925
566926
566927
566928
566929
566930
566931
566932
566933
566934
566935
566936
566937
566938
566939
566940
566941
566942
566943
566944
566945
566946
566947
566948
566949
566950
566951
566952
566953
566954
566955
566956
566957
566958
566959
566960
566961
566962
566963
566964
566965
566966
566967
566968
566969
566970
566971
566972
566973
566974
566975
566976
566977
566978
566979
566980
566981
566982
566983
566984
566985
566986
566987
566988
566989
566990
566991
566992
566993
566994
566995
566996
566997
566998
566999
567000
567001
567002
567003
567004
567005
567006
567007
567008
567009
567010
567011
567012
567013
567014
567015
567016
567017
567018
567019
567020
567021
567022
567023
567024
567025
567026
567027
567028
567029
567030
567031
567032
567033
567034
567035
567036
567037
567038
567039
567040
567041
567042
567043
567044
567045
567046
567047
567048
567049
567050
567051
567052
567053
567054
567055
567056
567057
567058
567059
567060
567061
567062
567063
567064
567065
567066
567067
567068
567069
567070
567071
567072
567073
567074
567075
567076
567077
567078
567079
567080
567081
567082
567083
567084
567085
567086
567087
567088
567089
567090
567091
567092
567093
567094
567095
567096
567097
567098
567099
567100
567101
567102
567103
567104
567105
567106
567107
567108
567109
567110
567111
567112
567113
567114
567115
567116
567117
567118
567119
567120
567121
567122
567123
567124
567125
567126
567127
567128
567129
567130
567131
567132
567133
567134
567135
567136
567137
567138
567139
567140
567141
567142
567143
567144
567145
567146
567147
567148
567149
567150
567151
567152
567153
567154
567155
567156
567157
567158
567159
567160
567161
567162
567163
567164
567165
567166
567167
567168
567169
567170
567171
567172
567173
567174
567175
567176
567177
567178
567179
567180
567181
567182
567183
567184
567185
567186
567187
567188
567189
567190
567191
567192
567193
567194
567195
567196
567197
567198
567199
567200
567201
567202
567203
567204
567205
567206
567207
567208
567209
567210
567211
567212
567213
567214
567215
567216
567217
567218
567219
567220
567221
567222
567223
567224
567225
567226
567227
567228
567229
567230
567231
567232
567233
567234
567235
567236
567237
567238
567239
567240
567241
567242
567243
567244
567245
567246
567247
567248
567249
567250
567251
567252
567253
567254
567255
567256
567257
567258
567259
567260
567261
567262
567263
567264
567265
567266
567267
567268
567269
567270
567271
567272
567273
567274
567275
567276
567277
567278
567279
567280
567281
567282
567283
567284
567285
567286
567287
567288
567289
567290
567291
567292
567293
567294
567295
567296
567297
567298
567299
567300
567301
567302
567303
567304
567305
567306
567307
567308
567309
567310
567311
567312
567313
567314
567315
567316
567317
567318
567319
567320
567321
567322
567323
567324
567325
567326
567327
567328
567329
567330
567331
567332
567333
567334
567335
567336
567337
567338
567339
567340
567341
567342
567343
567344
567345
567346
567347
567348
567349
567350
567351
567352
567353
567354
567355
567356
567357
567358
567359
567360
567361
567362
567363
567364
567365
567366
567367
567368
567369
567370
567371
567372
567373
567374
567375
567376
567377
567378
567379
567380
567381
567382
567383
567384
567385
567386
567387
567388
567389
567390
567391
567392
567393
567394
567395
567396
567397
567398
567399
567400
567401
567402
567403
567404
567405
567406
567407
567408
567409
567410
567411
567412
567413
567414
567415
567416
567417
567418
567419
567420
567421
567422
567423
567424
567425
567426
567427
567428
567429
567430
567431
567432
567433
567434
567435
567436
567437
567438
567439
567440
567441
567442
567443
567444
567445
567446
567447
567448
567449
567450
567451
567452
567453
567454
567455
567456
567457
567458
567459
567460
567461
567462
567463
567464
567465
567466
567467
567468
567469
567470
567471
567472
567473
567474
567475
567476
567477
567478
567479
567480
567481
567482
567483
567484
567485
567486
567487
567488
567489
567490
567491
567492
567493
567494
567495
567496
567497
567498
567499
567500
567501
567502
567503
567504
567505
567506
567507
567508
567509
567510
567511
567512
567513
567514
567515
567516
567517
567518
567519
567520
567521
567522
567523
567524
567525
567526
567527
567528
567529
567530
567531
567532
567533
567534
567535
567536
567537
567538
567539
567540
567541
567542
567543
567544
567545
567546
567547
567548
567549
567550
567551
567552
567553
567554
567555
567556
567557
567558
567559
567560
567561
567562
567563
567564
567565
567566
567567
567568
567569
567570
567571
567572
567573
567574
567575
567576
567577
567578
567579
567580
567581
567582
567583
567584
567585
567586
567587
567588
567589
567590
567591
567592
567593
567594
567595
567596
567597
567598
567599
567600
567601
567602
567603
567604
567605
567606
567607
567608
567609
567610
567611
567612
567613
567614
567615
567616
567617
567618
567619
567620
567621
567622
567623
567624
567625
567626
567627
567628
567629
567630
567631
567632
567633
567634
567635
567636
567637
567638
567639
567640
567641
567642
567643
567644
567645
567646
567647
567648
567649
567650
567651
567652
567653
567654
567655
567656
567657
567658
567659
567660
567661
567662
567663
567664
567665
567666
567667
567668
567669
567670
567671
567672
567673
567674
567675
567676
567677
567678
567679
567680
567681
567682
567683
567684
567685
567686
567687
567688
567689
567690
567691
567692
567693
567694
567695
567696
567697
567698
567699
567700
567701
567702
567703
567704
567705
567706
567707
567708
567709
567710
567711
567712
567713
567714
567715
567716
567717
567718
567719
567720
567721
567722
567723
567724
567725
567726
567727
567728
567729
567730
567731
567732
567733
567734
567735
567736
567737
567738
567739
567740
567741
567742
567743
567744
567745
567746
567747
567748
567749
567750
567751
567752
567753
567754
567755
567756
567757
567758
567759
567760
567761
567762
567763
567764
567765
567766
567767
567768
567769
567770
567771
567772
567773
567774
567775
567776
567777
567778
567779
567780
567781
567782
567783
567784
567785
567786
567787
567788
567789
567790
567791
567792
567793
567794
567795
567796
567797
567798
567799
567800
567801
567802
567803
567804
567805
567806
567807
567808
567809
567810
567811
567812
567813
567814
567815
567816
567817
567818
567819
567820
567821
567822
567823
567824
567825
567826
567827
567828
567829
567830
567831
567832
567833
567834
567835
567836
567837
567838
567839
567840
567841
567842
567843
567844
567845
567846
567847
567848
567849
567850
567851
567852
567853
567854
567855
567856
567857
567858
567859
567860
567861
567862
567863
567864
567865
567866
567867
567868
567869
567870
567871
567872
567873
567874
567875
567876
567877
567878
567879
567880
567881
567882
567883
567884
567885
567886
567887
567888
567889
567890
567891
567892
567893
567894
567895
567896
567897
567898
567899
567900
567901
567902
567903
567904
567905
567906
567907
567908
567909
567910
567911
567912
567913
567914
567915
567916
567917
567918
567919
567920
567921
567922
567923
567924
567925
567926
567927
567928
567929
567930
567931
567932
567933
567934
567935
567936
567937
567938
567939
567940
567941
567942
567943
567944
567945
567946
567947
567948
567949
567950
567951
567952
567953
567954
567955
567956
567957
567958
567959
567960
567961
567962
567963
567964
567965
567966
567967
567968
567969
567970
567971
567972
567973
567974
567975
567976
567977
567978
567979
567980
567981
567982
567983
567984
567985
567986
567987
567988
567989
567990
567991
567992
567993
567994
567995
567996
567997
567998
567999
568000
568001
568002
568003
568004
568005
568006
568007
568008
568009
568010
568011
568012
568013
568014
568015
568016
568017
568018
568019
568020
568021
568022
568023
568024
568025
568026
568027
568028
568029
568030
568031
568032
568033
568034
568035
568036
568037
568038
568039
568040
568041
568042
568043
568044
568045
568046
568047
568048
568049
568050
568051
568052
568053
568054
568055
568056
568057
568058
568059
568060
568061
568062
568063
568064
568065
568066
568067
568068
568069
568070
568071
568072
568073
568074
568075
568076
568077
568078
568079
568080
568081
568082
568083
568084
568085
568086
568087
568088
568089
568090
568091
568092
568093
568094
568095
568096
568097
568098
568099
568100
568101
568102
568103
568104
568105
568106
568107
568108
568109
568110
568111
568112
568113
568114
568115
568116
568117
568118
568119
568120
568121
568122
568123
568124
568125
568126
568127
568128
568129
568130
568131
568132
568133
568134
568135
568136
568137
568138
568139
568140
568141
568142
568143
568144
568145
568146
568147
568148
568149
568150
568151
568152
568153
568154
568155
568156
568157
568158
568159
568160
568161
568162
568163
568164
568165
568166
568167
568168
568169
568170
568171
568172
568173
568174
568175
568176
568177
568178
568179
568180
568181
568182
568183
568184
568185
568186
568187
568188
568189
568190
568191
568192
568193
568194
568195
568196
568197
568198
568199
568200
568201
568202
568203
568204
568205
568206
568207
568208
568209
568210
568211
568212
568213
568214
568215
568216
568217
568218
568219
568220
568221
568222
568223
568224
568225
568226
568227
568228
568229
568230
568231
568232
568233
568234
568235
568236
568237
568238
568239
568240
568241
568242
568243
568244
568245
568246
568247
568248
568249
568250
568251
568252
568253
568254
568255
568256
568257
568258
568259
568260
568261
568262
568263
568264
568265
568266
568267
568268
568269
568270
568271
568272
568273
568274
568275
568276
568277
568278
568279
568280
568281
568282
568283
568284
568285
568286
568287
568288
568289
568290
568291
568292
568293
568294
568295
568296
568297
568298
568299
568300
568301
568302
568303
568304
568305
568306
568307
568308
568309
568310
568311
568312
568313
568314
568315
568316
568317
568318
568319
568320
568321
568322
568323
568324
568325
568326
568327
568328
568329
568330
568331
568332
568333
568334
568335
568336
568337
568338
568339
568340
568341
568342
568343
568344
568345
568346
568347
568348
568349
568350
568351
568352
568353
568354
568355
568356
568357
568358
568359
568360
568361
568362
568363
568364
568365
568366
568367
568368
568369
568370
568371
568372
568373
568374
568375
568376
568377
568378
568379
568380
568381
568382
568383
568384
568385
568386
568387
568388
568389
568390
568391
568392
568393
568394
568395
568396
568397
568398
568399
568400
568401
568402
568403
568404
568405
568406
568407
568408
568409
568410
568411
568412
568413
568414
568415
568416
568417
568418
568419
568420
568421
568422
568423
568424
568425
568426
568427
568428
568429
568430
568431
568432
568433
568434
568435
568436
568437
568438
568439
568440
568441
568442
568443
568444
568445
568446
568447
568448
568449
568450
568451
568452
568453
568454
568455
568456
568457
568458
568459
568460
568461
568462
568463
568464
568465
568466
568467
568468
568469
568470
568471
568472
568473
568474
568475
568476
568477
568478
568479
568480
568481
568482
568483
568484
568485
568486
568487
568488
568489
568490
568491
568492
568493
568494
568495
568496
568497
568498
568499
568500
568501
568502
568503
568504
568505
568506
568507
568508
568509
568510
568511
568512
568513
568514
568515
568516
568517
568518
568519
568520
568521
568522
568523
568524
568525
568526
568527
568528
568529
568530
568531
568532
568533
568534
568535
568536
568537
568538
568539
568540
568541
568542
568543
568544
568545
568546
568547
568548
568549
568550
568551
568552
568553
568554
568555
568556
568557
568558
568559
568560
568561
568562
568563
568564
568565
568566
568567
568568
568569
568570
568571
568572
568573
568574
568575
568576
568577
568578
568579
568580
568581
568582
568583
568584
568585
568586
568587
568588
568589
568590
568591
568592
568593
568594
568595
568596
568597
568598
568599
568600
568601
568602
568603
568604
568605
568606
568607
568608
568609
568610
568611
568612
568613
568614
568615
568616
568617
568618
568619
568620
568621
568622
568623
568624
568625
568626
568627
568628
568629
568630
568631
568632
568633
568634
568635
568636
568637
568638
568639
568640
568641
568642
568643
568644
568645
568646
568647
568648
568649
568650
568651
568652
568653
568654
568655
568656
568657
568658
568659
568660
568661
568662
568663
568664
568665
568666
568667
568668
568669
568670
568671
568672
568673
568674
568675
568676
568677
568678
568679
568680
568681
568682
568683
568684
568685
568686
568687
568688
568689
568690
568691
568692
568693
568694
568695
568696
568697
568698
568699
568700
568701
568702
568703
568704
568705
568706
568707
568708
568709
568710
568711
568712
568713
568714
568715
568716
568717
568718
568719
568720
568721
568722
568723
568724
568725
568726
568727
568728
568729
568730
568731
568732
568733
568734
568735
568736
568737
568738
568739
568740
568741
568742
568743
568744
568745
568746
568747
568748
568749
568750
568751
568752
568753
568754
568755
568756
568757
568758
568759
568760
568761
568762
568763
568764
568765
568766
568767
568768
568769
568770
568771
568772
568773
568774
568775
568776
568777
568778
568779
568780
568781
568782
568783
568784
568785
568786
568787
568788
568789
568790
568791
568792
568793
568794
568795
568796
568797
568798
568799
568800
568801
568802
568803
568804
568805
568806
568807
568808
568809
568810
568811
568812
568813
568814
568815
568816
568817
568818
568819
568820
568821
568822
568823
568824
568825
568826
568827
568828
568829
568830
568831
568832
568833
568834
568835
568836
568837
568838
568839
568840
568841
568842
568843
568844
568845
568846
568847
568848
568849
568850
568851
568852
568853
568854
568855
568856
568857
568858
568859
568860
568861
568862
568863
568864
568865
568866
568867
568868
568869
568870
568871
568872
568873
568874
568875
568876
568877
568878
568879
568880
568881
568882
568883
568884
568885
568886
568887
568888
568889
568890
568891
568892
568893
568894
568895
568896
568897
568898
568899
568900
568901
568902
568903
568904
568905
568906
568907
568908
568909
568910
568911
568912
568913
568914
568915
568916
568917
568918
568919
568920
568921
568922
568923
568924
568925
568926
568927
568928
568929
568930
568931
568932
568933
568934
568935
568936
568937
568938
568939
568940
568941
568942
568943
568944
568945
568946
568947
568948
568949
568950
568951
568952
568953
568954
568955
568956
568957
568958
568959
568960
568961
568962
568963
568964
568965
568966
568967
568968
568969
568970
568971
568972
568973
568974
568975
568976
568977
568978
568979
568980
568981
568982
568983
568984
568985
568986
568987
568988
568989
568990
568991
568992
568993
568994
568995
568996
568997
568998
568999
569000
569001
569002
569003
569004
569005
569006
569007
569008
569009
569010
569011
569012
569013
569014
569015
569016
569017
569018
569019
569020
569021
569022
569023
569024
569025
569026
569027
569028
569029
569030
569031
569032
569033
569034
569035
569036
569037
569038
569039
569040
569041
569042
569043
569044
569045
569046
569047
569048
569049
569050
569051
569052
569053
569054
569055
569056
569057
569058
569059
569060
569061
569062
569063
569064
569065
569066
569067
569068
569069
569070
569071
569072
569073
569074
569075
569076
569077
569078
569079
569080
569081
569082
569083
569084
569085
569086
569087
569088
569089
569090
569091
569092
569093
569094
569095
569096
569097
569098
569099
569100
569101
569102
569103
569104
569105
569106
569107
569108
569109
569110
569111
569112
569113
569114
569115
569116
569117
569118
569119
569120
569121
569122
569123
569124
569125
569126
569127
569128
569129
569130
569131
569132
569133
569134
569135
569136
569137
569138
569139
569140
569141
569142
569143
569144
569145
569146
569147
569148
569149
569150
569151
569152
569153
569154
569155
569156
569157
569158
569159
569160
569161
569162
569163
569164
569165
569166
569167
569168
569169
569170
569171
569172
569173
569174
569175
569176
569177
569178
569179
569180
569181
569182
569183
569184
569185
569186
569187
569188
569189
569190
569191
569192
569193
569194
569195
569196
569197
569198
569199
569200
569201
569202
569203
569204
569205
569206
569207
569208
569209
569210
569211
569212
569213
569214
569215
569216
569217
569218
569219
569220
569221
569222
569223
569224
569225
569226
569227
569228
569229
569230
569231
569232
569233
569234
569235
569236
569237
569238
569239
569240
569241
569242
569243
569244
569245
569246
569247
569248
569249
569250
569251
569252
569253
569254
569255
569256
569257
569258
569259
569260
569261
569262
569263
569264
569265
569266
569267
569268
569269
569270
569271
569272
569273
569274
569275
569276
569277
569278
569279
569280
569281
569282
569283
569284
569285
569286
569287
569288
569289
569290
569291
569292
569293
569294
569295
569296
569297
569298
569299
569300
569301
569302
569303
569304
569305
569306
569307
569308
569309
569310
569311
569312
569313
569314
569315
569316
569317
569318
569319
569320
569321
569322
569323
569324
569325
569326
569327
569328
569329
569330
569331
569332
569333
569334
569335
569336
569337
569338
569339
569340
569341
569342
569343
569344
569345
569346
569347
569348
569349
569350
569351
569352
569353
569354
569355
569356
569357
569358
569359
569360
569361
569362
569363
569364
569365
569366
569367
569368
569369
569370
569371
569372
569373
569374
569375
569376
569377
569378
569379
569380
569381
569382
569383
569384
569385
569386
569387
569388
569389
569390
569391
569392
569393
569394
569395
569396
569397
569398
569399
569400
569401
569402
569403
569404
569405
569406
569407
569408
569409
569410
569411
569412
569413
569414
569415
569416
569417
569418
569419
569420
569421
569422
569423
569424
569425
569426
569427
569428
569429
569430
569431
569432
569433
569434
569435
569436
569437
569438
569439
569440
569441
569442
569443
569444
569445
569446
569447
569448
569449
569450
569451
569452
569453
569454
569455
569456
569457
569458
569459
569460
569461
569462
569463
569464
569465
569466
569467
569468
569469
569470
569471
569472
569473
569474
569475
569476
569477
569478
569479
569480
569481
569482
569483
569484
569485
569486
569487
569488
569489
569490
569491
569492
569493
569494
569495
569496
569497
569498
569499
569500
569501
569502
569503
569504
569505
569506
569507
569508
569509
569510
569511
569512
569513
569514
569515
569516
569517
569518
569519
569520
569521
569522
569523
569524
569525
569526
569527
569528
569529
569530
569531
569532
569533
569534
569535
569536
569537
569538
569539
569540
569541
569542
569543
569544
569545
569546
569547
569548
569549
569550
569551
569552
569553
569554
569555
569556
569557
569558
569559
569560
569561
569562
569563
569564
569565
569566
569567
569568
569569
569570
569571
569572
569573
569574
569575
569576
569577
569578
569579
569580
569581
569582
569583
569584
569585
569586
569587
569588
569589
569590
569591
569592
569593
569594
569595
569596
569597
569598
569599
569600
569601
569602
569603
569604
569605
569606
569607
569608
569609
569610
569611
569612
569613
569614
569615
569616
569617
569618
569619
569620
569621
569622
569623
569624
569625
569626
569627
569628
569629
569630
569631
569632
569633
569634
569635
569636
569637
569638
569639
569640
569641
569642
569643
569644
569645
569646
569647
569648
569649
569650
569651
569652
569653
569654
569655
569656
569657
569658
569659
569660
569661
569662
569663
569664
569665
569666
569667
569668
569669
569670
569671
569672
569673
569674
569675
569676
569677
569678
569679
569680
569681
569682
569683
569684
569685
569686
569687
569688
569689
569690
569691
569692
569693
569694
569695
569696
569697
569698
569699
569700
569701
569702
569703
569704
569705
569706
569707
569708
569709
569710
569711
569712
569713
569714
569715
569716
569717
569718
569719
569720
569721
569722
569723
569724
569725
569726
569727
569728
569729
569730
569731
569732
569733
569734
569735
569736
569737
569738
569739
569740
569741
569742
569743
569744
569745
569746
569747
569748
569749
569750
569751
569752
569753
569754
569755
569756
569757
569758
569759
569760
569761
569762
569763
569764
569765
569766
569767
569768
569769
569770
569771
569772
569773
569774
569775
569776
569777
569778
569779
569780
569781
569782
569783
569784
569785
569786
569787
569788
569789
569790
569791
569792
569793
569794
569795
569796
569797
569798
569799
569800
569801
569802
569803
569804
569805
569806
569807
569808
569809
569810
569811
569812
569813
569814
569815
569816
569817
569818
569819
569820
569821
569822
569823
569824
569825
569826
569827
569828
569829
569830
569831
569832
569833
569834
569835
569836
569837
569838
569839
569840
569841
569842
569843
569844
569845
569846
569847
569848
569849
569850
569851
569852
569853
569854
569855
569856
569857
569858
569859
569860
569861
569862
569863
569864
569865
569866
569867
569868
569869
569870
569871
569872
569873
569874
569875
569876
569877
569878
569879
569880
569881
569882
569883
569884
569885
569886
569887
569888
569889
569890
569891
569892
569893
569894
569895
569896
569897
569898
569899
569900
569901
569902
569903
569904
569905
569906
569907
569908
569909
569910
569911
569912
569913
569914
569915
569916
569917
569918
569919
569920
569921
569922
569923
569924
569925
569926
569927
569928
569929
569930
569931
569932
569933
569934
569935
569936
569937
569938
569939
569940
569941
569942
569943
569944
569945
569946
569947
569948
569949
569950
569951
569952
569953
569954
569955
569956
569957
569958
569959
569960
569961
569962
569963
569964
569965
569966
569967
569968
569969
569970
569971
569972
569973
569974
569975
569976
569977
569978
569979
569980
569981
569982
569983
569984
569985
569986
569987
569988
569989
569990
569991
569992
569993
569994
569995
569996
569997
569998
569999
