985000
985001
985002
985003
985004
985005
985006
985007
985008
985009
985010
985011
985012
985013
985014
985015
985016
985017
985018
985019
985020
985021
985022
985023
985024
985025
985026
985027
985028
985029
985030
985031
985032
985033
985034
985035
985036
985037
985038
985039
985040
985041
985042
985043
985044
985045
985046
985047
985048
985049
985050
985051
985052
985053
985054
985055
985056
985057
985058
985059
985060
985061
985062
985063
985064
985065
985066
985067
985068
985069
985070
985071
985072
985073
985074
985075
985076
985077
985078
985079
985080
985081
985082
985083
985084
985085
985086
985087
985088
985089
985090
985091
985092
985093
985094
985095
985096
985097
985098
985099
985100
985101
985102
985103
985104
985105
985106
985107
985108
985109
985110
985111
985112
985113
985114
985115
985116
985117
985118
985119
985120
985121
985122
985123
985124
985125
985126
985127
985128
985129
985130
985131
985132
985133
985134
985135
985136
985137
985138
985139
985140
985141
985142
985143
985144
985145
985146
985147
985148
985149
985150
985151
985152
985153
985154
985155
985156
985157
985158
985159
985160
985161
985162
985163
985164
985165
985166
985167
985168
985169
985170
985171
985172
985173
985174
985175
985176
985177
985178
985179
985180
985181
985182
985183
985184
985185
985186
985187
985188
985189
985190
985191
985192
985193
985194
985195
985196
985197
985198
985199
985200
985201
985202
985203
985204
985205
985206
985207
985208
985209
985210
985211
985212
985213
985214
985215
985216
985217
985218
985219
985220
985221
985222
985223
985224
985225
985226
985227
985228
985229
985230
985231
985232
985233
985234
985235
985236
985237
985238
985239
985240
985241
985242
985243
985244
985245
985246
985247
985248
985249
985250
985251
985252
985253
985254
985255
985256
985257
985258
985259
985260
985261
985262
985263
985264
985265
985266
985267
985268
985269
985270
985271
985272
985273
985274
985275
985276
985277
985278
985279
985280
985281
985282
985283
985284
985285
985286
985287
985288
985289
985290
985291
985292
985293
985294
985295
985296
985297
985298
985299
985300
985301
985302
985303
985304
985305
985306
985307
985308
985309
985310
985311
985312
985313
985314
985315
985316
985317
985318
985319
985320
985321
985322
985323
985324
985325
985326
985327
985328
985329
985330
985331
985332
985333
985334
985335
985336
985337
985338
985339
985340
985341
985342
985343
985344
985345
985346
985347
985348
985349
985350
985351
985352
985353
985354
985355
985356
985357
985358
985359
985360
985361
985362
985363
985364
985365
985366
985367
985368
985369
985370
985371
985372
985373
985374
985375
985376
985377
985378
985379
985380
985381
985382
985383
985384
985385
985386
985387
985388
985389
985390
985391
985392
985393
985394
985395
985396
985397
985398
985399
985400
985401
985402
985403
985404
985405
985406
985407
985408
985409
985410
985411
985412
985413
985414
985415
985416
985417
985418
985419
985420
985421
985422
985423
985424
985425
985426
985427
985428
985429
985430
985431
985432
985433
985434
985435
985436
985437
985438
985439
985440
985441
985442
985443
985444
985445
985446
985447
985448
985449
985450
985451
985452
985453
985454
985455
985456
985457
985458
985459
985460
985461
985462
985463
985464
985465
985466
985467
985468
985469
985470
985471
985472
985473
985474
985475
985476
985477
985478
985479
985480
985481
985482
985483
985484
985485
985486
985487
985488
985489
985490
985491
985492
985493
985494
985495
985496
985497
985498
985499
985500
985501
985502
985503
985504
985505
985506
985507
985508
985509
985510
985511
985512
985513
985514
985515
985516
985517
985518
985519
985520
985521
985522
985523
985524
985525
985526
985527
985528
985529
985530
985531
985532
985533
985534
985535
985536
985537
985538
985539
985540
985541
985542
985543
985544
985545
985546
985547
985548
985549
985550
985551
985552
985553
985554
985555
985556
985557
985558
985559
985560
985561
985562
985563
985564
985565
985566
985567
985568
985569
985570
985571
985572
985573
985574
985575
985576
985577
985578
985579
985580
985581
985582
985583
985584
985585
985586
985587
985588
985589
985590
985591
985592
985593
985594
985595
985596
985597
985598
985599
985600
985601
985602
985603
985604
985605
985606
985607
985608
985609
985610
985611
985612
985613
985614
985615
985616
985617
985618
985619
985620
985621
985622
985623
985624
985625
985626
985627
985628
985629
985630
985631
985632
985633
985634
985635
985636
985637
985638
985639
985640
985641
985642
985643
985644
985645
985646
985647
985648
985649
985650
985651
985652
985653
985654
985655
985656
985657
985658
985659
985660
985661
985662
985663
985664
985665
985666
985667
985668
985669
985670
985671
985672
985673
985674
985675
985676
985677
985678
985679
985680
985681
985682
985683
985684
985685
985686
985687
985688
985689
985690
985691
985692
985693
985694
985695
985696
985697
985698
985699
985700
985701
985702
985703
985704
985705
985706
985707
985708
985709
985710
985711
985712
985713
985714
985715
985716
985717
985718
985719
985720
985721
985722
985723
985724
985725
985726
985727
985728
985729
985730
985731
985732
985733
985734
985735
985736
985737
985738
985739
985740
985741
985742
985743
985744
985745
985746
985747
985748
985749
985750
985751
985752
985753
985754
985755
985756
985757
985758
985759
985760
985761
985762
985763
985764
985765
985766
985767
985768
985769
985770
985771
985772
985773
985774
985775
985776
985777
985778
985779
985780
985781
985782
985783
985784
985785
985786
985787
985788
985789
985790
985791
985792
985793
985794
985795
985796
985797
985798
985799
985800
985801
985802
985803
985804
985805
985806
985807
985808
985809
985810
985811
985812
985813
985814
985815
985816
985817
985818
985819
985820
985821
985822
985823
985824
985825
985826
985827
985828
985829
985830
985831
985832
985833
985834
985835
985836
985837
985838
985839
985840
985841
985842
985843
985844
985845
985846
985847
985848
985849
985850
985851
985852
985853
985854
985855
985856
985857
985858
985859
985860
985861
985862
985863
985864
985865
985866
985867
985868
985869
985870
985871
985872
985873
985874
985875
985876
985877
985878
985879
985880
985881
985882
985883
985884
985885
985886
985887
985888
985889
985890
985891
985892
985893
985894
985895
985896
985897
985898
985899
985900
985901
985902
985903
985904
985905
985906
985907
985908
985909
985910
985911
985912
985913
985914
985915
985916
985917
985918
985919
985920
985921
985922
985923
985924
985925
985926
985927
985928
985929
985930
985931
985932
985933
985934
985935
985936
985937
985938
985939
985940
985941
985942
985943
985944
985945
985946
985947
985948
985949
985950
985951
985952
985953
985954
985955
985956
985957
985958
985959
985960
985961
985962
985963
985964
985965
985966
985967
985968
985969
985970
985971
985972
985973
985974
985975
985976
985977
985978
985979
985980
985981
985982
985983
985984
985985
985986
985987
985988
985989
985990
985991
985992
985993
985994
985995
985996
985997
985998
985999
986000
986001
986002
986003
986004
986005
986006
986007
986008
986009
986010
986011
986012
986013
986014
986015
986016
986017
986018
986019
986020
986021
986022
986023
986024
986025
986026
986027
986028
986029
986030
986031
986032
986033
986034
986035
986036
986037
986038
986039
986040
986041
986042
986043
986044
986045
986046
986047
986048
986049
986050
986051
986052
986053
986054
986055
986056
986057
986058
986059
986060
986061
986062
986063
986064
986065
986066
986067
986068
986069
986070
986071
986072
986073
986074
986075
986076
986077
986078
986079
986080
986081
986082
986083
986084
986085
986086
986087
986088
986089
986090
986091
986092
986093
986094
986095
986096
986097
986098
986099
986100
986101
986102
986103
986104
986105
986106
986107
986108
986109
986110
986111
986112
986113
986114
986115
986116
986117
986118
986119
986120
986121
986122
986123
986124
986125
986126
986127
986128
986129
986130
986131
986132
986133
986134
986135
986136
986137
986138
986139
986140
986141
986142
986143
986144
986145
986146
986147
986148
986149
986150
986151
986152
986153
986154
986155
986156
986157
986158
986159
986160
986161
986162
986163
986164
986165
986166
986167
986168
986169
986170
986171
986172
986173
986174
986175
986176
986177
986178
986179
986180
986181
986182
986183
986184
986185
986186
986187
986188
986189
986190
986191
986192
986193
986194
986195
986196
986197
986198
986199
986200
986201
986202
986203
986204
986205
986206
986207
986208
986209
986210
986211
986212
986213
986214
986215
986216
986217
986218
986219
986220
986221
986222
986223
986224
986225
986226
986227
986228
986229
986230
986231
986232
986233
986234
986235
986236
986237
986238
986239
986240
986241
986242
986243
986244
986245
986246
986247
986248
986249
986250
986251
986252
986253
986254
986255
986256
986257
986258
986259
986260
986261
986262
986263
986264
986265
986266
986267
986268
986269
986270
986271
986272
986273
986274
986275
986276
986277
986278
986279
986280
986281
986282
986283
986284
986285
986286
986287
986288
986289
986290
986291
986292
986293
986294
986295
986296
986297
986298
986299
986300
986301
986302
986303
986304
986305
986306
986307
986308
986309
986310
986311
986312
986313
986314
986315
986316
986317
986318
986319
986320
986321
986322
986323
986324
986325
986326
986327
986328
986329
986330
986331
986332
986333
986334
986335
986336
986337
986338
986339
986340
986341
986342
986343
986344
986345
986346
986347
986348
986349
986350
986351
986352
986353
986354
986355
986356
986357
986358
986359
986360
986361
986362
986363
986364
986365
986366
986367
986368
986369
986370
986371
986372
986373
986374
986375
986376
986377
986378
986379
986380
986381
986382
986383
986384
986385
986386
986387
986388
986389
986390
986391
986392
986393
986394
986395
986396
986397
986398
986399
986400
986401
986402
986403
986404
986405
986406
986407
986408
986409
986410
986411
986412
986413
986414
986415
986416
986417
986418
986419
986420
986421
986422
986423
986424
986425
986426
986427
986428
986429
986430
986431
986432
986433
986434
986435
986436
986437
986438
986439
986440
986441
986442
986443
986444
986445
986446
986447
986448
986449
986450
986451
986452
986453
986454
986455
986456
986457
986458
986459
986460
986461
986462
986463
986464
986465
986466
986467
986468
986469
986470
986471
986472
986473
986474
986475
986476
986477
986478
986479
986480
986481
986482
986483
986484
986485
986486
986487
986488
986489
986490
986491
986492
986493
986494
986495
986496
986497
986498
986499
986500
986501
986502
986503
986504
986505
986506
986507
986508
986509
986510
986511
986512
986513
986514
986515
986516
986517
986518
986519
986520
986521
986522
986523
986524
986525
986526
986527
986528
986529
986530
986531
986532
986533
986534
986535
986536
986537
986538
986539
986540
986541
986542
986543
986544
986545
986546
986547
986548
986549
986550
986551
986552
986553
986554
986555
986556
986557
986558
986559
986560
986561
986562
986563
986564
986565
986566
986567
986568
986569
986570
986571
986572
986573
986574
986575
986576
986577
986578
986579
986580
986581
986582
986583
986584
986585
986586
986587
986588
986589
986590
986591
986592
986593
986594
986595
986596
986597
986598
986599
986600
986601
986602
986603
986604
986605
986606
986607
986608
986609
986610
986611
986612
986613
986614
986615
986616
986617
986618
986619
986620
986621
986622
986623
986624
986625
986626
986627
986628
986629
986630
986631
986632
986633
986634
986635
986636
986637
986638
986639
986640
986641
986642
986643
986644
986645
986646
986647
986648
986649
986650
986651
986652
986653
986654
986655
986656
986657
986658
986659
986660
986661
986662
986663
986664
986665
986666
986667
986668
986669
986670
986671
986672
986673
986674
986675
986676
986677
986678
986679
986680
986681
986682
986683
986684
986685
986686
986687
986688
986689
986690
986691
986692
986693
986694
986695
986696
986697
986698
986699
986700
986701
986702
986703
986704
986705
986706
986707
986708
986709
986710
986711
986712
986713
986714
986715
986716
986717
986718
986719
986720
986721
986722
986723
986724
986725
986726
986727
986728
986729
986730
986731
986732
986733
986734
986735
986736
986737
986738
986739
986740
986741
986742
986743
986744
986745
986746
986747
986748
986749
986750
986751
986752
986753
986754
986755
986756
986757
986758
986759
986760
986761
986762
986763
986764
986765
986766
986767
986768
986769
986770
986771
986772
986773
986774
986775
986776
986777
986778
986779
986780
986781
986782
986783
986784
986785
986786
986787
986788
986789
986790
986791
986792
986793
986794
986795
986796
986797
986798
986799
986800
986801
986802
986803
986804
986805
986806
986807
986808
986809
986810
986811
986812
986813
986814
986815
986816
986817
986818
986819
986820
986821
986822
986823
986824
986825
986826
986827
986828
986829
986830
986831
986832
986833
986834
986835
986836
986837
986838
986839
986840
986841
986842
986843
986844
986845
986846
986847
986848
986849
986850
986851
986852
986853
986854
986855
986856
986857
986858
986859
986860
986861
986862
986863
986864
986865
986866
986867
986868
986869
986870
986871
986872
986873
986874
986875
986876
986877
986878
986879
986880
986881
986882
986883
986884
986885
986886
986887
986888
986889
986890
986891
986892
986893
986894
986895
986896
986897
986898
986899
986900
986901
986902
986903
986904
986905
986906
986907
986908
986909
986910
986911
986912
986913
986914
986915
986916
986917
986918
986919
986920
986921
986922
986923
986924
986925
986926
986927
986928
986929
986930
986931
986932
986933
986934
986935
986936
986937
986938
986939
986940
986941
986942
986943
986944
986945
986946
986947
986948
986949
986950
986951
986952
986953
986954
986955
986956
986957
986958
986959
986960
986961
986962
986963
986964
986965
986966
986967
986968
986969
986970
986971
986972
986973
986974
986975
986976
986977
986978
986979
986980
986981
986982
986983
986984
986985
986986
986987
986988
986989
986990
986991
986992
986993
986994
986995
986996
986997
986998
986999
987000
987001
987002
987003
987004
987005
987006
987007
987008
987009
987010
987011
987012
987013
987014
987015
987016
987017
987018
987019
987020
987021
987022
987023
987024
987025
987026
987027
987028
987029
987030
987031
987032
987033
987034
987035
987036
987037
987038
987039
987040
987041
987042
987043
987044
987045
987046
987047
987048
987049
987050
987051
987052
987053
987054
987055
987056
987057
987058
987059
987060
987061
987062
987063
987064
987065
987066
987067
987068
987069
987070
987071
987072
987073
987074
987075
987076
987077
987078
987079
987080
987081
987082
987083
987084
987085
987086
987087
987088
987089
987090
987091
987092
987093
987094
987095
987096
987097
987098
987099
987100
987101
987102
987103
987104
987105
987106
987107
987108
987109
987110
987111
987112
987113
987114
987115
987116
987117
987118
987119
987120
987121
987122
987123
987124
987125
987126
987127
987128
987129
987130
987131
987132
987133
987134
987135
987136
987137
987138
987139
987140
987141
987142
987143
987144
987145
987146
987147
987148
987149
987150
987151
987152
987153
987154
987155
987156
987157
987158
987159
987160
987161
987162
987163
987164
987165
987166
987167
987168
987169
987170
987171
987172
987173
987174
987175
987176
987177
987178
987179
987180
987181
987182
987183
987184
987185
987186
987187
987188
987189
987190
987191
987192
987193
987194
987195
987196
987197
987198
987199
987200
987201
987202
987203
987204
987205
987206
987207
987208
987209
987210
987211
987212
987213
987214
987215
987216
987217
987218
987219
987220
987221
987222
987223
987224
987225
987226
987227
987228
987229
987230
987231
987232
987233
987234
987235
987236
987237
987238
987239
987240
987241
987242
987243
987244
987245
987246
987247
987248
987249
987250
987251
987252
987253
987254
987255
987256
987257
987258
987259
987260
987261
987262
987263
987264
987265
987266
987267
987268
987269
987270
987271
987272
987273
987274
987275
987276
987277
987278
987279
987280
987281
987282
987283
987284
987285
987286
987287
987288
987289
987290
987291
987292
987293
987294
987295
987296
987297
987298
987299
987300
987301
987302
987303
987304
987305
987306
987307
987308
987309
987310
987311
987312
987313
987314
987315
987316
987317
987318
987319
987320
987321
987322
987323
987324
987325
987326
987327
987328
987329
987330
987331
987332
987333
987334
987335
987336
987337
987338
987339
987340
987341
987342
987343
987344
987345
987346
987347
987348
987349
987350
987351
987352
987353
987354
987355
987356
987357
987358
987359
987360
987361
987362
987363
987364
987365
987366
987367
987368
987369
987370
987371
987372
987373
987374
987375
987376
987377
987378
987379
987380
987381
987382
987383
987384
987385
987386
987387
987388
987389
987390
987391
987392
987393
987394
987395
987396
987397
987398
987399
987400
987401
987402
987403
987404
987405
987406
987407
987408
987409
987410
987411
987412
987413
987414
987415
987416
987417
987418
987419
987420
987421
987422
987423
987424
987425
987426
987427
987428
987429
987430
987431
987432
987433
987434
987435
987436
987437
987438
987439
987440
987441
987442
987443
987444
987445
987446
987447
987448
987449
987450
987451
987452
987453
987454
987455
987456
987457
987458
987459
987460
987461
987462
987463
987464
987465
987466
987467
987468
987469
987470
987471
987472
987473
987474
987475
987476
987477
987478
987479
987480
987481
987482
987483
987484
987485
987486
987487
987488
987489
987490
987491
987492
987493
987494
987495
987496
987497
987498
987499
987500
987501
987502
987503
987504
987505
987506
987507
987508
987509
987510
987511
987512
987513
987514
987515
987516
987517
987518
987519
987520
987521
987522
987523
987524
987525
987526
987527
987528
987529
987530
987531
987532
987533
987534
987535
987536
987537
987538
987539
987540
987541
987542
987543
987544
987545
987546
987547
987548
987549
987550
987551
987552
987553
987554
987555
987556
987557
987558
987559
987560
987561
987562
987563
987564
987565
987566
987567
987568
987569
987570
987571
987572
987573
987574
987575
987576
987577
987578
987579
987580
987581
987582
987583
987584
987585
987586
987587
987588
987589
987590
987591
987592
987593
987594
987595
987596
987597
987598
987599
987600
987601
987602
987603
987604
987605
987606
987607
987608
987609
987610
987611
987612
987613
987614
987615
987616
987617
987618
987619
987620
987621
987622
987623
987624
987625
987626
987627
987628
987629
987630
987631
987632
987633
987634
987635
987636
987637
987638
987639
987640
987641
987642
987643
987644
987645
987646
987647
987648
987649
987650
987651
987652
987653
987654
987655
987656
987657
987658
987659
987660
987661
987662
987663
987664
987665
987666
987667
987668
987669
987670
987671
987672
987673
987674
987675
987676
987677
987678
987679
987680
987681
987682
987683
987684
987685
987686
987687
987688
987689
987690
987691
987692
987693
987694
987695
987696
987697
987698
987699
987700
987701
987702
987703
987704
987705
987706
987707
987708
987709
987710
987711
987712
987713
987714
987715
987716
987717
987718
987719
987720
987721
987722
987723
987724
987725
987726
987727
987728
987729
987730
987731
987732
987733
987734
987735
987736
987737
987738
987739
987740
987741
987742
987743
987744
987745
987746
987747
987748
987749
987750
987751
987752
987753
987754
987755
987756
987757
987758
987759
987760
987761
987762
987763
987764
987765
987766
987767
987768
987769
987770
987771
987772
987773
987774
987775
987776
987777
987778
987779
987780
987781
987782
987783
987784
987785
987786
987787
987788
987789
987790
987791
987792
987793
987794
987795
987796
987797
987798
987799
987800
987801
987802
987803
987804
987805
987806
987807
987808
987809
987810
987811
987812
987813
987814
987815
987816
987817
987818
987819
987820
987821
987822
987823
987824
987825
987826
987827
987828
987829
987830
987831
987832
987833
987834
987835
987836
987837
987838
987839
987840
987841
987842
987843
987844
987845
987846
987847
987848
987849
987850
987851
987852
987853
987854
987855
987856
987857
987858
987859
987860
987861
987862
987863
987864
987865
987866
987867
987868
987869
987870
987871
987872
987873
987874
987875
987876
987877
987878
987879
987880
987881
987882
987883
987884
987885
987886
987887
987888
987889
987890
987891
987892
987893
987894
987895
987896
987897
987898
987899
987900
987901
987902
987903
987904
987905
987906
987907
987908
987909
987910
987911
987912
987913
987914
987915
987916
987917
987918
987919
987920
987921
987922
987923
987924
987925
987926
987927
987928
987929
987930
987931
987932
987933
987934
987935
987936
987937
987938
987939
987940
987941
987942
987943
987944
987945
987946
987947
987948
987949
987950
987951
987952
987953
987954
987955
987956
987957
987958
987959
987960
987961
987962
987963
987964
987965
987966
987967
987968
987969
987970
987971
987972
987973
987974
987975
987976
987977
987978
987979
987980
987981
987982
987983
987984
987985
987986
987987
987988
987989
987990
987991
987992
987993
987994
987995
987996
987997
987998
987999
988000
988001
988002
988003
988004
988005
988006
988007
988008
988009
988010
988011
988012
988013
988014
988015
988016
988017
988018
988019
988020
988021
988022
988023
988024
988025
988026
988027
988028
988029
988030
988031
988032
988033
988034
988035
988036
988037
988038
988039
988040
988041
988042
988043
988044
988045
988046
988047
988048
988049
988050
988051
988052
988053
988054
988055
988056
988057
988058
988059
988060
988061
988062
988063
988064
988065
988066
988067
988068
988069
988070
988071
988072
988073
988074
988075
988076
988077
988078
988079
988080
988081
988082
988083
988084
988085
988086
988087
988088
988089
988090
988091
988092
988093
988094
988095
988096
988097
988098
988099
988100
988101
988102
988103
988104
988105
988106
988107
988108
988109
988110
988111
988112
988113
988114
988115
988116
988117
988118
988119
988120
988121
988122
988123
988124
988125
988126
988127
988128
988129
988130
988131
988132
988133
988134
988135
988136
988137
988138
988139
988140
988141
988142
988143
988144
988145
988146
988147
988148
988149
988150
988151
988152
988153
988154
988155
988156
988157
988158
988159
988160
988161
988162
988163
988164
988165
988166
988167
988168
988169
988170
988171
988172
988173
988174
988175
988176
988177
988178
988179
988180
988181
988182
988183
988184
988185
988186
988187
988188
988189
988190
988191
988192
988193
988194
988195
988196
988197
988198
988199
988200
988201
988202
988203
988204
988205
988206
988207
988208
988209
988210
988211
988212
988213
988214
988215
988216
988217
988218
988219
988220
988221
988222
988223
988224
988225
988226
988227
988228
988229
988230
988231
988232
988233
988234
988235
988236
988237
988238
988239
988240
988241
988242
988243
988244
988245
988246
988247
988248
988249
988250
988251
988252
988253
988254
988255
988256
988257
988258
988259
988260
988261
988262
988263
988264
988265
988266
988267
988268
988269
988270
988271
988272
988273
988274
988275
988276
988277
988278
988279
988280
988281
988282
988283
988284
988285
988286
988287
988288
988289
988290
988291
988292
988293
988294
988295
988296
988297
988298
988299
988300
988301
988302
988303
988304
988305
988306
988307
988308
988309
988310
988311
988312
988313
988314
988315
988316
988317
988318
988319
988320
988321
988322
988323
988324
988325
988326
988327
988328
988329
988330
988331
988332
988333
988334
988335
988336
988337
988338
988339
988340
988341
988342
988343
988344
988345
988346
988347
988348
988349
988350
988351
988352
988353
988354
988355
988356
988357
988358
988359
988360
988361
988362
988363
988364
988365
988366
988367
988368
988369
988370
988371
988372
988373
988374
988375
988376
988377
988378
988379
988380
988381
988382
988383
988384
988385
988386
988387
988388
988389
988390
988391
988392
988393
988394
988395
988396
988397
988398
988399
988400
988401
988402
988403
988404
988405
988406
988407
988408
988409
988410
988411
988412
988413
988414
988415
988416
988417
988418
988419
988420
988421
988422
988423
988424
988425
988426
988427
988428
988429
988430
988431
988432
988433
988434
988435
988436
988437
988438
988439
988440
988441
988442
988443
988444
988445
988446
988447
988448
988449
988450
988451
988452
988453
988454
988455
988456
988457
988458
988459
988460
988461
988462
988463
988464
988465
988466
988467
988468
988469
988470
988471
988472
988473
988474
988475
988476
988477
988478
988479
988480
988481
988482
988483
988484
988485
988486
988487
988488
988489
988490
988491
988492
988493
988494
988495
988496
988497
988498
988499
988500
988501
988502
988503
988504
988505
988506
988507
988508
988509
988510
988511
988512
988513
988514
988515
988516
988517
988518
988519
988520
988521
988522
988523
988524
988525
988526
988527
988528
988529
988530
988531
988532
988533
988534
988535
988536
988537
988538
988539
988540
988541
988542
988543
988544
988545
988546
988547
988548
988549
988550
988551
988552
988553
988554
988555
988556
988557
988558
988559
988560
988561
988562
988563
988564
988565
988566
988567
988568
988569
988570
988571
988572
988573
988574
988575
988576
988577
988578
988579
988580
988581
988582
988583
988584
988585
988586
988587
988588
988589
988590
988591
988592
988593
988594
988595
988596
988597
988598
988599
988600
988601
988602
988603
988604
988605
988606
988607
988608
988609
988610
988611
988612
988613
988614
988615
988616
988617
988618
988619
988620
988621
988622
988623
988624
988625
988626
988627
988628
988629
988630
988631
988632
988633
988634
988635
988636
988637
988638
988639
988640
988641
988642
988643
988644
988645
988646
988647
988648
988649
988650
988651
988652
988653
988654
988655
988656
988657
988658
988659
988660
988661
988662
988663
988664
988665
988666
988667
988668
988669
988670
988671
988672
988673
988674
988675
988676
988677
988678
988679
988680
988681
988682
988683
988684
988685
988686
988687
988688
988689
988690
988691
988692
988693
988694
988695
988696
988697
988698
988699
988700
988701
988702
988703
988704
988705
988706
988707
988708
988709
988710
988711
988712
988713
988714
988715
988716
988717
988718
988719
988720
988721
988722
988723
988724
988725
988726
988727
988728
988729
988730
988731
988732
988733
988734
988735
988736
988737
988738
988739
988740
988741
988742
988743
988744
988745
988746
988747
988748
988749
988750
988751
988752
988753
988754
988755
988756
988757
988758
988759
988760
988761
988762
988763
988764
988765
988766
988767
988768
988769
988770
988771
988772
988773
988774
988775
988776
988777
988778
988779
988780
988781
988782
988783
988784
988785
988786
988787
988788
988789
988790
988791
988792
988793
988794
988795
988796
988797
988798
988799
988800
988801
988802
988803
988804
988805
988806
988807
988808
988809
988810
988811
988812
988813
988814
988815
988816
988817
988818
988819
988820
988821
988822
988823
988824
988825
988826
988827
988828
988829
988830
988831
988832
988833
988834
988835
988836
988837
988838
988839
988840
988841
988842
988843
988844
988845
988846
988847
988848
988849
988850
988851
988852
988853
988854
988855
988856
988857
988858
988859
988860
988861
988862
988863
988864
988865
988866
988867
988868
988869
988870
988871
988872
988873
988874
988875
988876
988877
988878
988879
988880
988881
988882
988883
988884
988885
988886
988887
988888
988889
988890
988891
988892
988893
988894
988895
988896
988897
988898
988899
988900
988901
988902
988903
988904
988905
988906
988907
988908
988909
988910
988911
988912
988913
988914
988915
988916
988917
988918
988919
988920
988921
988922
988923
988924
988925
988926
988927
988928
988929
988930
988931
988932
988933
988934
988935
988936
988937
988938
988939
988940
988941
988942
988943
988944
988945
988946
988947
988948
988949
988950
988951
988952
988953
988954
988955
988956
988957
988958
988959
988960
988961
988962
988963
988964
988965
988966
988967
988968
988969
988970
988971
988972
988973
988974
988975
988976
988977
988978
988979
988980
988981
988982
988983
988984
988985
988986
988987
988988
988989
988990
988991
988992
988993
988994
988995
988996
988997
988998
988999
989000
989001
989002
989003
989004
989005
989006
989007
989008
989009
989010
989011
989012
989013
989014
989015
989016
989017
989018
989019
989020
989021
989022
989023
989024
989025
989026
989027
989028
989029
989030
989031
989032
989033
989034
989035
989036
989037
989038
989039
989040
989041
989042
989043
989044
989045
989046
989047
989048
989049
989050
989051
989052
989053
989054
989055
989056
989057
989058
989059
989060
989061
989062
989063
989064
989065
989066
989067
989068
989069
989070
989071
989072
989073
989074
989075
989076
989077
989078
989079
989080
989081
989082
989083
989084
989085
989086
989087
989088
989089
989090
989091
989092
989093
989094
989095
989096
989097
989098
989099
989100
989101
989102
989103
989104
989105
989106
989107
989108
989109
989110
989111
989112
989113
989114
989115
989116
989117
989118
989119
989120
989121
989122
989123
989124
989125
989126
989127
989128
989129
989130
989131
989132
989133
989134
989135
989136
989137
989138
989139
989140
989141
989142
989143
989144
989145
989146
989147
989148
989149
989150
989151
989152
989153
989154
989155
989156
989157
989158
989159
989160
989161
989162
989163
989164
989165
989166
989167
989168
989169
989170
989171
989172
989173
989174
989175
989176
989177
989178
989179
989180
989181
989182
989183
989184
989185
989186
989187
989188
989189
989190
989191
989192
989193
989194
989195
989196
989197
989198
989199
989200
989201
989202
989203
989204
989205
989206
989207
989208
989209
989210
989211
989212
989213
989214
989215
989216
989217
989218
989219
989220
989221
989222
989223
989224
989225
989226
989227
989228
989229
989230
989231
989232
989233
989234
989235
989236
989237
989238
989239
989240
989241
989242
989243
989244
989245
989246
989247
989248
989249
989250
989251
989252
989253
989254
989255
989256
989257
989258
989259
989260
989261
989262
989263
989264
989265
989266
989267
989268
989269
989270
989271
989272
989273
989274
989275
989276
989277
989278
989279
989280
989281
989282
989283
989284
989285
989286
989287
989288
989289
989290
989291
989292
989293
989294
989295
989296
989297
989298
989299
989300
989301
989302
989303
989304
989305
989306
989307
989308
989309
989310
989311
989312
989313
989314
989315
989316
989317
989318
989319
989320
989321
989322
989323
989324
989325
989326
989327
989328
989329
989330
989331
989332
989333
989334
989335
989336
989337
989338
989339
989340
989341
989342
989343
989344
989345
989346
989347
989348
989349
989350
989351
989352
989353
989354
989355
989356
989357
989358
989359
989360
989361
989362
989363
989364
989365
989366
989367
989368
989369
989370
989371
989372
989373
989374
989375
989376
989377
989378
989379
989380
989381
989382
989383
989384
989385
989386
989387
989388
989389
989390
989391
989392
989393
989394
989395
989396
989397
989398
989399
989400
989401
989402
989403
989404
989405
989406
989407
989408
989409
989410
989411
989412
989413
989414
989415
989416
989417
989418
989419
989420
989421
989422
989423
989424
989425
989426
989427
989428
989429
989430
989431
989432
989433
989434
989435
989436
989437
989438
989439
989440
989441
989442
989443
989444
989445
989446
989447
989448
989449
989450
989451
989452
989453
989454
989455
989456
989457
989458
989459
989460
989461
989462
989463
989464
989465
989466
989467
989468
989469
989470
989471
989472
989473
989474
989475
989476
989477
989478
989479
989480
989481
989482
989483
989484
989485
989486
989487
989488
989489
989490
989491
989492
989493
989494
989495
989496
989497
989498
989499
989500
989501
989502
989503
989504
989505
989506
989507
989508
989509
989510
989511
989512
989513
989514
989515
989516
989517
989518
989519
989520
989521
989522
989523
989524
989525
989526
989527
989528
989529
989530
989531
989532
989533
989534
989535
989536
989537
989538
989539
989540
989541
989542
989543
989544
989545
989546
989547
989548
989549
989550
989551
989552
989553
989554
989555
989556
989557
989558
989559
989560
989561
989562
989563
989564
989565
989566
989567
989568
989569
989570
989571
989572
989573
989574
989575
989576
989577
989578
989579
989580
989581
989582
989583
989584
989585
989586
989587
989588
989589
989590
989591
989592
989593
989594
989595
989596
989597
989598
989599
989600
989601
989602
989603
989604
989605
989606
989607
989608
989609
989610
989611
989612
989613
989614
989615
989616
989617
989618
989619
989620
989621
989622
989623
989624
989625
989626
989627
989628
989629
989630
989631
989632
989633
989634
989635
989636
989637
989638
989639
989640
989641
989642
989643
989644
989645
989646
989647
989648
989649
989650
989651
989652
989653
989654
989655
989656
989657
989658
989659
989660
989661
989662
989663
989664
989665
989666
989667
989668
989669
989670
989671
989672
989673
989674
989675
989676
989677
989678
989679
989680
989681
989682
989683
989684
989685
989686
989687
989688
989689
989690
989691
989692
989693
989694
989695
989696
989697
989698
989699
989700
989701
989702
989703
989704
989705
989706
989707
989708
989709
989710
989711
989712
989713
989714
989715
989716
989717
989718
989719
989720
989721
989722
989723
989724
989725
989726
989727
989728
989729
989730
989731
989732
989733
989734
989735
989736
989737
989738
989739
989740
989741
989742
989743
989744
989745
989746
989747
989748
989749
989750
989751
989752
989753
989754
989755
989756
989757
989758
989759
989760
989761
989762
989763
989764
989765
989766
989767
989768
989769
989770
989771
989772
989773
989774
989775
989776
989777
989778
989779
989780
989781
989782
989783
989784
989785
989786
989787
989788
989789
989790
989791
989792
989793
989794
989795
989796
989797
989798
989799
989800
989801
989802
989803
989804
989805
989806
989807
989808
989809
989810
989811
989812
989813
989814
989815
989816
989817
989818
989819
989820
989821
989822
989823
989824
989825
989826
989827
989828
989829
989830
989831
989832
989833
989834
989835
989836
989837
989838
989839
989840
989841
989842
989843
989844
989845
989846
989847
989848
989849
989850
989851
989852
989853
989854
989855
989856
989857
989858
989859
989860
989861
989862
989863
989864
989865
989866
989867
989868
989869
989870
989871
989872
989873
989874
989875
989876
989877
989878
989879
989880
989881
989882
989883
989884
989885
989886
989887
989888
989889
989890
989891
989892
989893
989894
989895
989896
989897
989898
989899
989900
989901
989902
989903
989904
989905
989906
989907
989908
989909
989910
989911
989912
989913
989914
989915
989916
989917
989918
989919
989920
989921
989922
989923
989924
989925
989926
989927
989928
989929
989930
989931
989932
989933
989934
989935
989936
989937
989938
989939
989940
989941
989942
989943
989944
989945
989946
989947
989948
989949
989950
989951
989952
989953
989954
989955
989956
989957
989958
989959
989960
989961
989962
989963
989964
989965
989966
989967
989968
989969
989970
989971
989972
989973
989974
989975
989976
989977
989978
989979
989980
989981
989982
989983
989984
989985
989986
989987
989988
989989
989990
989991
989992
989993
989994
989995
989996
989997
989998
989999
